0.410958904109589
0.402684563758389
0.365546218487395
0.36864406779661
0.353448275862069
0.341880341880342
0.398550724637681
0.43010752688172
0.425531914893617
0.406593406593407
0.348571428571429
0.350574712643678
0.313364055299539
0.343478260869565
0.338983050847458
0.372340425531915
0.361702127659574
0.405172413793103
0.413793103448276
0.306451612903226
0.216666666666667
0.357512953367876
0.407766990291262
0.32258064516129
0.381818181818182
0.346153846153846
0.346153846153846
0.339055793991416
0.369565217391304
0.314285714285714
0.404040404040404
0.329479768786127
0.331395348837209
0.369426751592357
0.367924528301887
0.376175548589342
0.357798165137615
0.358490566037736
0.333333333333333
0.393805309734513
0.36697247706422
0.323943661971831
0.319444444444444
0.365217391304348
0.317708333333333
0.312820512820513
0.305732484076433
0.358208955223881
0.298850574712644
0.303664921465969
0.36094674556213
0.351190476190476
0.360576923076923
0.381294964028777
0.354430379746835
0.402298850574713
0.0317460317460317
0.328502415458937
0.328638497652582
0.366906474820144
0.346666666666667
0.342105263157895
0.425925925925926
0.417525773195876
0.345238095238095
0.268518518518519
0.273684210526316
0.273684210526316
0.369098712446352
0.331460674157303
0.314159292035398
0.308695652173913
0.358620689655172
0.395402298850575
0.344827586206897
0.368055555555556
0.289256198347107
0.46875
0.368421052631579
0.34136546184739
0.337301587301587
0.338289962825279
0.376344086021505
0.374331550802139
0.324444444444444
0.330316742081448
0.378947368421053
0.375
0.340425531914894
0.300492610837438
0.283783783783784
0.285714285714286
0.351351351351351
0.358024691358025
0.333333333333333
0.337078651685393
0.352697095435685
0.356846473029046
0.324324324324324
0.365714285714286
0.340136054421769
0.34640522875817
0.341935483870968
0.377551020408163
0.363636363636364
0.32579185520362
0.360881542699725
0.361233480176211
0.366071428571429
0.407407407407407
0.342857142857143
0.331460674157303
0.3125
0.41304347826087
0.349557522123894
0.345238095238095
0.333333333333333
0.318021201413428
0.382059800664452
0.368055555555556
0.329411764705882
0.455882352941176
0.370165745856354
0.372549019607843
0.36734693877551
0.376811594202899
0.36
0.3
0.290909090909091
0.372222222222222
0.378787878787879
0.345622119815668
0.301369863013699
0.310810810810811
0.378640776699029
0.369565217391304
0.363636363636364
0.35195530726257
0.353591160220994
0.34393063583815
0.0447761194029851
0.385593220338983
0.365853658536585
0.365853658536585
0.326530612244898
0.316831683168317
0.402439024390244
0.126404494382022
0.127167630057803
0.354430379746835
0.36
0.336898395721925
0.342391304347826
0.346428571428571
0.345195729537367
0.367924528301887
0.386581469648562
0.309608540925267
0.222614840989399
0.285714285714286
0.285714285714286
0.227642276422764
0.410810810810811
0.327380952380952
0.330357142857143
0.333333333333333
0.355633802816901
0.374149659863946
0.453703703703704
0.336391437308869
0.33641975308642
0.314814814814815
0.314814814814815
0.352791878172589
0.376068376068376
0.351931330472103
0.311594202898551
0.363636363636364
0.36036036036036
0.391304347826087
0.387096774193548
0.373831775700935
0.3125
0.366379310344828
0.37280701754386
0.352
0.328947368421053
0.328947368421053
0.342465753424658
0.436363636363636
0.394557823129252
0.39010989010989
0.26056338028169
0.268115942028986
0.321554770318021
0.320422535211268
0.345360824742268
0.345360824742268
0.323353293413174
0.329268292682927
0.336683417085427
0.365638766519824
0.29126213592233
0.372881355932203
0.368715083798883
0.320512820512821
0.333333333333333
0.333333333333333
0.321428571428571
0.458823529411765
0.324909747292419
0.327777777777778
0.340909090909091
0.327380952380952
0.46875
0.339080459770115
0.364285714285714
0.329268292682927
0.290780141843972
0.261682242990654
0.389312977099237
0.315254237288136
0.357142857142857
0.352490421455939
0.348484848484849
0.319587628865979
0.316326530612245
0.321138211382114
0.354166666666667
0.381578947368421
0.354430379746835
0.352201257861635
0.31404958677686
0.311475409836066
0.377049180327869
0.373417721518987
0.376068376068376
0.353383458646617
0.319402985074627
0.386792452830189
0.33502538071066
0.35678391959799
0.360406091370558
0.407407407407407
0.407407407407407
0.0336134453781513
0.349397590361446
0.165714285714286
0.366925064599483
0.324022346368715
0.327683615819209
0.368181818181818
0.359683794466403
0.338645418326693
0.342723004694836
0.339285714285714
0.339285714285714
0.341911764705882
0.378048780487805
0.380952380952381
0.365079365079365
0.359447004608295
0.386138613861386
0.36
0.363636363636364
0.338842975206612
0.163434903047091
0.164345403899721
0.40632603406326
0.372340425531915
0.367021276595745
0.348066298342541
0.45
0.385826771653543
0.402298850574713
0.364285714285714
0.268292682926829
0.372641509433962
0.370892018779343
0.365853658536585
0.36734693877551
0.367647058823529
0.364077669902913
0.32089552238806
0.26271186440678
0.401315789473684
0.433823529411765
0.378378378378378
0.376
0.257142857142857
0.379310344827586
0.355072463768116
0.16793893129771
0.171355498721228
0.352
0.330612244897959
0.334710743801653
0.368589743589744
0.351851851851852
0.354838709677419
0.336134453781513
0.395604395604396
0.325714285714286
0.30939226519337
0.306010928961749
0.354330708661417
0.294964028776978
0.333333333333333
0.333333333333333
0.431372549019608
0.282786885245902
0.371794871794872
0.362244897959184
0.365482233502538
0.462365591397849
0.324675324675325
0.320512820512821
0.439024390243902
0.365714285714286
0.353846153846154
0.353846153846154
0.37037037037037
0.338461538461538
0.413461538461538
0.272727272727273
0.272727272727273
0.348314606741573
0.32967032967033
0.32967032967033
0.373873873873874
0.429824561403509
0.391534391534392
0.39572192513369
0.39041095890411
0.364197530864198
0.4
0.398230088495575
0.432098765432099
0.344262295081967
0.323809523809524
0.320754716981132
0.350253807106599
0.345
0.366336633663366
0.342105263157895
0.342105263157895
0.369747899159664
0.299212598425197
0.354014598540146
0.309278350515464
0.309278350515464
0.336448598130841
0.406779661016949
0.225
0.227848101265823
0.398406374501992
0.376543209876543
0.406015037593985
0.0306122448979592
0.352
0.415929203539823
0.378698224852071
0.271317829457364
0.310344827586207
0.408805031446541
0.4125
0.35632183908046
0.369047619047619
0.34070796460177
0.288819875776398
0.301775147928994
0.342657342657343
0.337931034482759
0.421875
0.454545454545455
0.317241379310345
0.317241379310345
0.324786324786325
0.337349397590361
0.341463414634146
0.363636363636364
0.385964912280702
0.316326530612245
0.0431034482758621
0.0431034482758621
0.405529953917051
0.404651162790698
0.355029585798817
0.369230769230769
0.22972972972973
0.231818181818182
0.336448598130841
0.279329608938547
0.277777777777778
0.417910447761194
0.291666666666667
0.337448559670782
0.255555555555556
0.261111111111111
0.411214953271028
0.375
0.368421052631579
0.290322580645161
0.288
0.380597014925373
0.337016574585635
0.317535545023697
0.315789473684211
0.389447236180905
0.397435897435897
