0.0540540540540541
0.0540540540540541
0.0521739130434783
0.0445859872611465
0.201570680628272
0.0495049504950495
0.204081632653061
0.207547169811321
0.0736842105263158
0.073943661971831
0.0584795321637427
0.245562130177515
0.0429447852760736
0.259259259259259
0.254807692307692
0.183222958057395
0.179282868525896
0.178571428571429
0.195
0.0613207547169811
0.0350262697022767
0.0333333333333333
0.150246305418719
0.0555555555555556
0.0746887966804979
0.051063829787234
0.205787781350482
0.045
0.035031847133758
0.0409356725146199
0.0428571428571429
0.0310077519379845
0.0310077519379845
0.246777163904236
0.0415430267062315
0.0423076923076923
0.238095238095238
0.0436241610738255
0.038961038961039
0.238425925925926
0.260869565217391
0.0569395017793594
0.219653179190751
0.219135802469136
0.216300940438871
0.065
0.273885350318471
0.0457142857142857
0.0458891013384321
0.224137931034483
0.225433526011561
0.0344827586206897
0.0690789473684211
0.266891891891892
0.0705882352941176
0.0982318271119843
0.217142857142857
0.0526315789473684
0.212418300653595
0.211726384364821
0.0408163265306122
0.204545454545455
0.0403225806451613
0.0535714285714286
0.216216216216216
0.2165820642978
0.240740740740741
0.206405693950178
0.0529661016949153
0.0464135021097046
0.222641509433962
0.263038548752834
0.256048387096774
0.0541666666666667
0.222591362126246
0.0423452768729642
0.043046357615894
0.043046357615894
0.0404858299595142
0.0524271844660194
0.214285714285714
0.214285714285714
0.219895287958115
0.0546448087431694
0.195718654434251
0.0520446096654275
0.0474452554744526
0.033003300330033
0.0328947368421053
0.190972222222222
0.191637630662021
0.189655172413793
0.0436046511627907
0.054320987654321
0.224025974025974
0.211640211640212
0.233115468409586
0.26775956284153
0.255952380952381
0.251461988304094
0.209876543209877
0.0394736842105263
0.211065573770492
0.0429447852760736
0.0654205607476635
0.0654205607476635
0.0520231213872832
0.0357142857142857
0.0359477124183007
0.25296442687747
0.0445544554455446
0.0349854227405248
0.0353982300884956
0.270742358078603
0.0391644908616188
0.0324675324675325
0.032258064516129
0.0666666666666667
0.0389105058365759
0.204225352112676
0.200692041522491
0.263157894736842
0.0302197802197802
0.0303030303030303
0.0397553516819572
0.184615384615385
0.0436046511627907
0.217054263565891
0.0524017467248908
0.197080291970803
0.0604982206405694
0.0432276657060519
0.0390070921985816
0.0391644908616188
0.0335570469798658
0.0336322869955157
0.0503355704697987
0.0469798657718121
0.157657657657658
0.164785553047404
0.166666666666667
0.0425531914893617
0.233576642335766
0.206477732793522
0.0579150579150579
0.047244094488189
0.0383693045563549
0.264150943396226
0.0403587443946188
0.04
0.0395136778115502
0.0625
0.0413223140495868
0.26027397260274
0.26027397260274
0.228956228956229
0.234567901234568
0.238493723849372
0.0492063492063492
0.19831223628692
0.0476190476190476
0.0481927710843374
0.054726368159204
0.0468085106382979
0.209183673469388
0.0689655172413793
0.0738916256157636
0.196969696969697
0.0616438356164384
0.0356435643564356
0.0472103004291846
0.0490196078431373
0.0495049504950495
0.198606271777003
0.197879858657244
0.246710526315789
0.216216216216216
0.0324074074074074
0.245161290322581
0.0452261306532663
0.0452261306532663
0.214457831325301
0.0488721804511278
0.0485074626865672
0.190661478599222
0.234597156398104
0.0665399239543726
0.231920199501247
0.195564516129032
0.0487012987012987
0.0327868852459016
0.0359281437125748
0.0363636363636364
0.0369230769230769
0.214046822742475
0.2
0.2
0.268096514745308
0.0327868852459016
0.036144578313253
0.04296875
0.043956043956044
0.0448430493273543
0.220192307692308
0.259433962264151
0.061046511627907
0.219026548672566
0.260989010989011
0.0441640378548896
0.0483005366726297
0.231481481481481
0.180803571428571
0.0833333333333333
0.05
0.0402144772117962
0.04
0.0341880341880342
0.047887323943662
0.0392156862745098
0.222506393861893
0.222506393861893
0.225
0.215976331360947
0.0330882352941176
0.0485933503836317
0.0326530612244898
0.0424929178470255
0.227848101265823
0.0490196078431373
0.0580357142857143
0.04
0.063953488372093
0.062992125984252
0.0405405405405405
0.039647577092511
0.214285714285714
0.0526315789473684
0.0350877192982456
0.0350877192982456
0.0368663594470046
0.234718826405868
0.231143552311436
0.24390243902439
0.0303030303030303
0.0602006688963211
0.0570469798657718
0.201342281879195
0.060377358490566
0.0613026819923372
0.209375
0.0515463917525773
0.0515463917525773
0.0478468899521531
0.270833333333333
0.270833333333333
0.0594059405940594
0.300884955752212
0.0307328605200946
0.0372340425531915
0.239202657807309
0.24496644295302
0.242524916943522
0.0359897172236504
0.216266173752311
0.218283582089552
0.0560224089635854
0.0558659217877095
0.0580808080808081
0.222222222222222
0.24822695035461
0.0827586206896552
0.0335917312661499
0.0330788804071247
0.226837060702875
0.236453201970443
0.230769230769231
0.0497925311203319
0.261111111111111
0.219512195121951
0.293577981651376
0.0697674418604651
0.038961038961039
0.0434782608695652
0.0460251046025105
0.0460251046025105
0.234177215189873
0.251612903225806
0.229885057471264
0.242914979757085
0.275641025641026
0.27741935483871
0.226506024096386
0.220551378446115
0.21875
0.224852071005917
0.0616113744075829
0.0501567398119122
0.0339943342776204
0.0663716814159292
0.0350877192982456
0.261802575107296
0.253521126760563
0.0555555555555556
0.0564516129032258
0.0328947368421053
0.033112582781457
0.0465753424657534
0.0467032967032967
0.265822784810127
0.0313725490196078
0.03125
0.247078464106845
0.06
0.176623376623377
0.173469387755102
0.0595744680851064
0.188940092165899
0.043859649122807
0.0444444444444444
0.0364963503649635
0.0541666666666667
0.277978339350181
0.264957264957265
0.233082706766917
0.236842105263158
0.19774011299435
0.231843575418994
0.0546623794212219
0.0416666666666667
0.259067357512953
0.254498714652956
0.179487179487179
0.259668508287293
0.0550161812297735
0.054140127388535
0.0379746835443038
0.0379746835443038
0.04375
0.0431654676258993
0.043010752688172
0.250909090909091
0.0328467153284672
0.0698529411764706
0.0505952380952381
0.178885630498534
0.205776173285199
0.210144927536232
0.213872832369942
0.0531400966183575
0.0468227424749164
0.0369318181818182
0.040983606557377
0.0618556701030928
0.0527950310559006
0.0524691358024691
0.228739002932551
0.0319148936170213
0.0669291338582677
0.217712177121771
0.0380116959064327
0.234604105571848
0.0833333333333333
0.226912928759894
0.0532544378698225
0.0613496932515337
0.198863636363636
0.221441124780316
0.0444104134762634
0.043343653250774
0.265822784810127
0.0445205479452055
0.0442176870748299
0.0528455284552846
0.224299065420561
0.23826714801444
0.0677966101694915
0.242603550295858
0.245508982035928
0.0380434782608696
0.0444444444444444
0.0357142857142857
0.0323741007194245
0.0566037735849057
0.0424528301886792
0.236842105263158
0.237735849056604
0.04
0.0410958904109589
0.0411392405063291
0.0410094637223975
0.181192660550459
0.247058823529412
0.215568862275449
0.22289156626506
0.228260869565217
0.232472324723247
0.0435413642960813
0.0431034482758621
0.224299065420561
0.216589861751152
0.0487804878048781
0.0481927710843374
0.0483091787439614
0.04
0.0396825396825397
0.0658682634730539
0.0710059171597633
0.245098039215686
0.177829099307159
0.175519630484988
0.0375
0.184438040345821
0.183381088825215
0.0689655172413793
0.0324909747292419
0.0313390313390313
0.0643564356435644
0.0444444444444444
0.0434782608695652
0.222222222222222
0.0326086956521739
0.032967032967033
0.0614035087719298
0.231884057971014
0.0388768898488121
0.0377777777777778
0.0481927710843374
0.0396270396270396
0.236979166666667
0.237467018469657
0.0430622009569378
0.244791666666667
0.0539419087136929
0.255605381165919
0.0473186119873817
0.0509554140127389
0.0371517027863777
0.0402476780185759
0.0414746543778802
0.0487804878048781
0.032258064516129
0.0324324324324324
0.23758865248227
0.0485436893203883
0.0495049504950495
0.202614379084967
0.204620462046205
0.238562091503268
0.0429447852760736
0.0423452768729642
0.151658767772512
0.148148148148148
0.186046511627907
0.187134502923977
0.043010752688172
0.0433212996389892
0.0352941176470588
0.182242990654206
0.181395348837209
0.225490196078431
0.230769230769231
0.271317829457364
0.269230769230769
0.0495049504950495
0.0671140939597315
0.0384615384615385
0.0377358490566038
0.255639097744361
0.0408805031446541
0.1875
0.233676975945017
0.276119402985075
0.0510948905109489
0.0512820512820513
0.0404411764705882
0.040590405904059
0.226190476190476
0.0748299319727891
0.0743243243243243
0.212987012987013
0.210796915167095
0.0371747211895911
0.0374531835205993
0.191666666666667
0.19327731092437
0.0580645161290323
0.0306748466257669
0.201298701298701
0.178832116788321
0.177536231884058
0.260204081632653
0.0506329113924051
0.0512820512820513
0.210045662100457
0.229452054794521
0.0449101796407186
0.256198347107438
0.0683760683760684
0.0428571428571429
0.233333333333333
0.244791666666667
0.0432900432900433
0.22
0.056140350877193
0.0526315789473684
0.0568181818181818
0.0526315789473684
0.214463840399002
0.214105793450882
0.240740740740741
0.0631067961165049
0.0522388059701493
0.0447154471544715
0.23696682464455
0.06
0.039039039039039
0.0388059701492537
0.05
0.228260869565217
0.0434782608695652
0.217948717948718
0.0487804878048781
0.0513833992094862
0.0609756097560976
0.271186440677966
0.267796610169492
0.0327868852459016
0.0506329113924051
0.0393873085339169
0.0522648083623693
0.0377358490566038
0.0316455696202532
0.0504385964912281
0.0386740331491713
0.226190476190476
0.227544910179641
0.056
0.0564516129032258
0.0428211586901763
0.0430379746835443
0.037037037037037
0.0371900826446281
0.218954248366013
0.218954248366013
0.204678362573099
0.0601092896174863
0.248648648648649
0.048951048951049
0.0384615384615385
0.0517241379310345
0.226506024096386
0.0387096774193548
0.266990291262136
0.0530035335689046
0.250681198910082
0.231418918918919
0.0402010050251256
