0.303944315545244
0.275261324041812
0.329207920792079
0.314148681055156
0.298153034300792
0.342412451361868
0.370731707317073
0.34297520661157
0.346473029045643
0.287878787878788
0.286524822695035
0.284712482468443
0.296969696969697
0.342776203966006
0.337539432176656
0.33179012345679
0.333333333333333
0.355371900826446
0.236220472440945
0.239473684210526
0.316498316498317
0.347715736040609
0.32824427480916
0.352941176470588
0.261474269819193
0.260748959778086
0.316622691292876
0.297935103244838
0.274247491638796
0.333333333333333
0.272727272727273
0.310810810810811
0.298429319371728
0.264550264550265
0.3
0.335802469135802
0.329192546583851
0.329192546583851
0.379310344827586
0.333333333333333
0.313769751693002
0.341584158415842
0.327272727272727
0.349514563106796
0.3515625
0.311392405063291
0.245436105476673
0.314655172413793
0.306603773584906
0.298611111111111
0.270893371757925
0.329411764705882
0.36038961038961
0.247838616714697
0.247838616714697
0.273381294964029
0.27536231884058
0.253369272237197
0.256064690026954
0.340314136125654
0.326530612244898
0.319526627218935
0.294642857142857
0.315565031982942
0.294573643410853
0.304347826086957
0.260736196319018
0.263157894736842
0.31404958677686
0.320537428023033
0.335820895522388
0.339622641509434
0.25
0.296208530805687
0.369565217391304
0.369565217391304
0.277620396600567
0.36241610738255
0.22992700729927
0.229090909090909
0.260416666666667
0.280653950953678
0.321782178217822
0.336708860759494
0.325641025641026
0.304147465437788
0.335051546391753
0.285353535353535
0.301418439716312
0.287425149700599
0.258196721311475
0.261410788381743
0.316037735849057
0.332378223495702
0.333333333333333
0.331316187594554
0.299180327868852
0.26
0.276536312849162
0.230088495575221
0.322766570605187
0.325581395348837
0.302919708029197
0.337164750957854
0.31023102310231
0.325949367088608
0.326018808777429
0.300341296928328
0.302127659574468
0.295833333333333
0.28740157480315
0.330218068535826
0.328125
0.330985915492958
0.328125
0.327354260089686
0.330508474576271
0.310104529616725
0.31184668989547
0.311627906976744
0.302593659942363
0.252873563218391
0.286604361370716
0.274864376130199
0.277978339350181
0.278985507246377
0.34965034965035
0.318739054290718
0.338582677165354
0.301694915254237
0.294736842105263
0.30379746835443
0.328869047619048
0.29923273657289
0.292191435768262
0.328859060402685
0.324324324324324
0.269303201506591
0.269303201506591
0.307692307692308
0.337620578778135
0.390334572490706
0.362637362637363
0.362637362637363
0.330508474576271
0.351785714285714
0.257425742574257
0.322147651006711
0.320261437908497
0.307155322862129
0.357487922705314
0.0849315068493151
0.236842105263158
0.310344827586207
0.302919708029197
0.319502074688797
0.179948586118252
0.182767624020888
0.322510822510823
0.324519230769231
0.301538461538462
0.334269662921348
0.342233009708738
0.314705882352941
0.339449541284404
0.297644539614561
0.286103542234332
0.292349726775956
0.329383886255924
0.389473684210526
0.316546762589928
0.353658536585366
0.341981132075472
0.316957210776545
0.324817518248175
0.360248447204969
0.331775700934579
0.257425742574257
0.299287410926366
0.301435406698565
0.341463414634146
0.333333333333333
0.230414746543779
0.228310502283105
0.279411764705882
0.312328767123288
0.263013698630137
0.280590717299578
0.346320346320346
0.318918918918919
0.311881188118812
0.311688311688312
0.286852589641434
0.336283185840708
0.246943765281174
0.342151675485009
0.275229357798165
0.292222222222222
0.294843049327354
0.291115311909263
0.290018832391714
0.366782006920415
0.316568047337278
0.322289156626506
0.301158301158301
0.321192052980132
0.294871794871795
0.28735632183908
0.288329519450801
0.264550264550265
0.26246719160105
0.244131455399061
0.240740740740741
0.303030303030303
0.311178247734139
0.294007490636704
0.307420494699647
0.304964539007092
0.27027027027027
0.306569343065693
0.301818181818182
0.287598944591029
0.351851851851852
0.278145695364238
0.262008733624454
0.32027027027027
0.304761904761905
0.304932735426009
0.336
