0.161904761904762
0.077319587628866
0.0809248554913295
0.0809248554913295
0.0811594202898551
0.0811594202898551
0.129793510324484
0.129793510324484
0.0959302325581395
0.0959302325581395
0.032520325203252
0.0632054176072235
0.0888888888888889
0.101538461538462
0.101538461538462
0.102484472049689
0.102484472049689
0.115384615384615
0.115384615384615
0.0794701986754967
0.0601851851851852
0.120481927710843
0.0907216494845361
0.0907216494845361
0.0520833333333333
0.0666666666666667
0.0666666666666667
0.112612612612613
0.12707182320442
0.12707182320442
0.128133704735376
0.128133704735376
0.088
0.0883534136546185
0.069620253164557
0.0712401055408971
0.120218579234973
0.120218579234973
0.0530973451327434
0.0652173913043478
0.0851063829787234
0.0879120879120879
0.0765957446808511
0.0423076923076923
0.0421455938697318
0.0673575129533679
0.0666666666666667
0.0675944333996024
0.0675944333996024
0.0324483775811209
0.033033033033033
0.0512820512820513
0.0729483282674772
0.0887096774193548
0.104591836734694
0.104591836734694
0.0359281437125748
0.0363636363636364
0.0561797752808989
0.0658682634730539
0.0851063829787234
0.0655737704918033
0.129746835443038
0.129746835443038
0.0555555555555556
0.109422492401216
0.109422492401216
0.0757575757575758
0.0574712643678161
0.0579150579150579
0.107594936708861
0.107594936708861
0.106583072100313
0.106583072100313
0.0689655172413793
0.0402144772117962
0.129213483146067
0.129213483146067
0.095679012345679
0.040133779264214
0.083969465648855
0.083969465648855
0.106508875739645
0.0377906976744186
0.11063829787234
0.11063829787234
0.0567375886524823
0.103092783505155
0.103092783505155
0.0483870967741935
0.0813008130081301
0.0458015267175573
0.0778210116731518
0.0778210116731518
0.0558882235528942
0.0337837837837838
0.0581395348837209
0.0317460317460317
0.0505050505050505
0.0498753117206983
0.0919765166340509
0.0919765166340509
0.104895104895105
0.104895104895105
0.102127659574468
0.102127659574468
0.102564102564103
0.102564102564103
0.0769230769230769
0.0567375886524823
0.0549450549450549
0.0358974358974359
0.119842829076621
0.119842829076621
0.0503597122302158
0.0636363636363636
0.0688073394495413
0.0657894736842105
0.0662251655629139
0.0735294117647059
0.0735294117647059
0.10989010989011
0.10989010989011
0.11070110701107
0.11070110701107
0.0569476082004556
0.113636363636364
0.0572792362768496
0.117224880382775
0.117224880382775
0.0563380281690141
0.07
0.111111111111111
0.111111111111111
0.07
0.0327102803738318
0.10738255033557
0.10738255033557
0.111111111111111
0.111111111111111
0.0802469135802469
0.0480769230769231
0.0492610837438424
0.0441767068273092
0.031055900621118
0.0308641975308642
0.0929368029739777
0.118143459915612
0.118143459915612
0.0364963503649635
0.15
0.0567685589519651
0.0404040404040404
0.476923076923077
0.119521912350598
0.119521912350598
0.0558375634517767
0.104575163398693
0.104575163398693
0.115183246073298
0.115183246073298
0.0689655172413793
0.0574162679425837
0.062962962962963
0.12962962962963
0.132075471698113
0.0414012738853503
0.0555555555555556
0.0552268244575937
0.0552268244575937
0.177664974619289
0.0591397849462366
0.0666666666666667
0.107142857142857
0.0416666666666667
0.069672131147541
0.0688259109311741
0.0536585365853659
0.0614754098360656
0.072289156626506
0.551724137931034
0.0893970893970894
0.0893970893970894
0.0935672514619883
0.092485549132948
0.06
0.06
0.0492307692307692
0.131578947368421
0.131578947368421
0.0542372881355932
0.0435729847494553
0.0498338870431894
0.0666666666666667
0.0666666666666667
0.0836012861736334
0.0940594059405941
0.131054131054131
0.131054131054131
0.142857142857143
0.099290780141844
0.099290780141844
0.105485232067511
0.105485232067511
0.0427046263345196
0.0433212996389892
0.055
0.0904255319148936
0.0315533980582524
0.0636942675159236
0.037593984962406
0.0517241379310345
0.0625
0.0353982300884956
0.0516605166051661
0.0512820512820513
0.0748299319727891
0.0684931506849315
0.0437375745526839
0.0433070866141732
0.118181818181818
0.118181818181818
0.144067796610169
0.144067796610169
0.0579710144927536
0.0591133004926108
0.0564784053156146
0.0562913907284768
0.224242424242424
0.224242424242424
0.142857142857143
0.142857142857143
