0.110552763819095
0.109433962264151
0.119565217391304
0.122222222222222
0.0818965517241379
0.0918114143920596
0.179948586118252
0.131386861313869
0.131386861313869
0.108024691358025
0.108024691358025
0.109756097560976
0.109756097560976
0.174917491749175
0.14868804664723
0.109409190371991
0.109409190371991
0.109913793103448
0.105042016806723
0.105042016806723
0.106382978723404
0.106382978723404
0.0987654320987654
0.0573770491803279
0.153508771929825
0.195652173913043
0.118055555555556
0.10801393728223
0.10801393728223
0.123123123123123
0.141304347826087
0.105263157894737
0.0895522388059701
0.0895522388059701
0.112727272727273
0.112727272727273
0.105849582172702
0.105555555555556
0.105555555555556
0.116438356164384
0.116438356164384
0.127388535031847
0.121019108280255
0.121019108280255
0.116129032258065
0.137254901960784
0.142276422764228
0.110132158590308
0.144067796610169
0.142857142857143
0.0701754385964912
0.134770889487871
0.134770889487871
0.0869565217391304
0.0886075949367089
0.126099706744868
0.127536231884058
0.112745098039216
0.123778501628664
0.123778501628664
0.106463878326996
0.115473441108545
0.109826589595376
0.121405750798722
0.122171945701357
0.122171945701357
0.122641509433962
0.1
0.1
0.0950413223140496
0.131284916201117
0.139442231075697
0.136546184738956
0.115384615384615
0.116402116402116
0.116402116402116
0.134502923976608
0.125333333333333
0.129692832764505
0.129692832764505
0.0717703349282297
0.123376623376623
0.121951219512195
0.132420091324201
0.104803493449782
0.104803493449782
0.113432835820896
0.116417910447761
0.131034482758621
0.118764845605701
0.118764845605701
0.0961538461538462
0.0961538461538462
0.119834710743802
0.12
0.100817438692098
0.049645390070922
0.126436781609195
0.0824742268041237
0.0824742268041237
0.12
0.12
0.10958904109589
0.106382978723404
0.103806228373702
0.104166666666667
0.10762331838565
0.101769911504425
0.102040816326531
0.0833333333333333
0.124744376278119
0.0805687203791469
0.07981220657277
0.111842105263158
0.138211382113821
0.160377358490566
0.136482939632546
0.158730158730159
0.115555555555556
0.129692832764505
0.0936454849498328
0.0936454849498328
0.114457831325301
0.114457831325301
0.137931034482759
0.101796407185629
0.101796407185629
0.120689655172414
0.120689655172414
0.126811594202899
0.159420289855072
0.158590308370044
0.0909090909090909
0.0909090909090909
0.0942622950819672
0.519337016574586
0.0994897959183673
0.0994897959183673
0.10025706940874
0.10025706940874
0.136612021857924
0.128787878787879
0.147810218978102
0.119241192411924
0.0993589743589744
0.154121863799283
0.114285714285714
0.1953125
0.100755667506297
0.100755667506297
0.157377049180328
0.154838709677419
0.0862068965517241
0.0862068965517241
0.148230088495575
0.141304347826087
0.108626198083067
0.134715025906736
0.101010101010101
0.100502512562814
0.13563829787234
0.1015625
0.1015625
0.144486692015209
0.151750972762646
0.115987460815047
0.126050420168067
0.0952380952380952
0.0952380952380952
0.0957746478873239
0.0957746478873239
0.103448275862069
0.101398601398601
0.133587786259542
0.112271540469974
0.112271540469974
0.112860892388451
0.112860892388451
0.116504854368932
0.116504854368932
0.134680134680135
0.160098522167488
0.129263913824057
0.129263913824057
0.108108108108108
0.124645892351275
0.0814332247557003
0.0830564784053156
0.138339920948617
0.139442231075697
0.125
0.1875
0.0875576036866359
0.087962962962963
0.113636363636364
0.151079136690647
0.101851851851852
0.098159509202454
0.149284253578732
0.149897330595483
0.102189781021898
0.173684210526316
0.113082039911308
0.109756097560976
0.109756097560976
0.105442176870748
0.140287769784173
0.140287769784173
0.140287769784173
0.140287769784173
0.131004366812227
0.150602409638554
0.0981132075471698
0.0981132075471698
0.121212121212121
0.133663366336634
0.134328358208955
0.111627906976744
0.115740740740741
0.110192837465565
0.110192837465565
0.111315547378105
0.111315547378105
0.11368909512761
0.165775401069519
0.0662650602409639
0.120743034055728
0.123456790123457
0.116207951070336
0.13960113960114
0.1417004048583
0.148760330578512
0.132743362831858
0.139751552795031
0.122362869198312
0.16289592760181
0.0855614973262032
0.0869565217391304
0.134228187919463
0.13768115942029
0.119777158774373
0.13855421686747
0.163194444444444
0.102739726027397
0.111538461538462
0.120805369127517
0.119205298013245
0.12156862745098
0.0977443609022556
0.0977443609022556
0.105421686746988
0.164179104477612
0.0398406374501992
0.0398406374501992
0.13091922005571
0.152882205513784
0.130434782608696
0.125874125874126
0.106529209621993
0.0995670995670996
0.0974576271186441
0.0933333333333333
0.0933333333333333
0.122222222222222
0.14572864321608
0.146464646464646
0.121546961325967
0.143968871595331
0.166666666666667
0.142512077294686
0.233333333333333
0.0881612090680101
0.0881612090680101
0.169712793733681
0.124489795918367
0.160130718954248
0.120104438642298
0.118863049095607
0.150943396226415
0.121387283236994
0.222222222222222
0.11070110701107
0.11070110701107
0.0939597315436242
0.147058823529412
0.150602409638554
0.163461538461538
0.144508670520231
0.12962962962963
0.13716814159292
0.128755364806867
0.162866449511401
0.094017094017094
0.096234309623431
0.153256704980843
0.102493074792244
0.11968085106383
0.120320855614973
0.0902527075812274
0.0902527075812274
0.126315789473684
0.133333333333333
0.0966542750929368
0.0966542750929368
0.0737704918032787
0.0735694822888283
0.100917431192661
0.100917431192661
0.104477611940299
0.111688311688312
0.0876404494382022
0.123188405797101
0.108626198083067
0.142857142857143
0.147540983606557
0.0954545454545455
0.148936170212766
0.120772946859903
0.151408450704225
0.0909090909090909
0.0909090909090909
0.145695364238411
0.13963963963964
0.0795454545454545
0.0795454545454545
0.0786516853932584
0.0786516853932584
0.150375939849624
0.0948275862068965
0.12972972972973
0.115044247787611
0.111111111111111
0.109433962264151
0.110687022900763
0.080188679245283
0.0790697674418605
0.0961538461538462
0.153846153846154
0.118705035971223
0.109756097560976
0.109756097560976
0.105058365758755
0.117296222664016
0.115079365079365
0.111627906976744
0.0993975903614458
0.0993975903614458
0.143790849673203
0.144230769230769
0.113924050632911
0.0980392156862745
0.0980392156862745
0.123015873015873
0.0764705882352941
0.0760233918128655
0.0710659898477157
0.126609442060086
0.12565445026178
0.102150537634409
0.159362549800797
0.186770428015564
0.14
0.141891891891892
0.148148148148148
0.148148148148148
0.135531135531136
0.110367892976589
0.110367892976589
0.111864406779661
0.111864406779661
0.170634920634921
0.104116222760291
0.104116222760291
0.147239263803681
0.0836653386454183
0.0836653386454183
0.155844155844156
0.0697674418604651
0.0697674418604651
0.0697674418604651
0.145510835913313
0.0898203592814371
0.0898203592814371
0.0443285528031291
0.147540983606557
0.148148148148148
0.163090128755365
0.11734693877551
0.126262626262626
0.129213483146067
0.0771349862258953
0.131016042780749
0.0966542750929368
0.0929368029739777
0.13968253968254
0.13968253968254
0.0769230769230769
0.0747126436781609
0.127777777777778
0.157894736842105
0.157894736842105
0.0967741935483871
0.0967741935483871
0.0862068965517241
0.0862068965517241
0.104868913857678
0.105660377358491
0.103305785123967
0.103305785123967
0.108490566037736
0.108490566037736
0.0952380952380952
0.0952380952380952
0.127272727272727
0.076271186440678
0.103030303030303
0.103030303030303
0.1280276816609
0.0547337278106509
0.113636363636364
0.115740740740741
0.145251396648045
0.109289617486339
0.108695652173913
0.112094395280236
0.112094395280236
0.124567474048443
0.126696832579186
0.107074569789675
0.107074569789675
0.109404990403071
0.109404990403071
0.12890625
0.12890625
0.133333333333333
0.0862068965517241
0.13855421686747
0.187919463087248
0.0878048780487805
0.091703056768559
0.091703056768559
0.110091743119266
0.156521739130435
0.122270742358079
0.0996784565916399
0.0967741935483871
0.0997624703087886
0.079646017699115
0.079646017699115
0.0782608695652174
0.123595505617978
0.123595505617978
0.143203883495146
0.105263157894737
0.106382978723404
0.105454545454545
0.107011070110701
0.129370629370629
0.123339658444023
0.118110236220472
0.134529147982063
0.137724550898204
0.157894736842105
0.134969325153374
0.113149847094801
0.113149847094801
0.131782945736434
0.110032362459547
0.109677419354839
0.129186602870813
0.164835164835165
0.123456790123457
0.143176733780761
0.143176733780761
0.109409190371991
0.103092783505155
0.0805555555555556
0.0805555555555556
0.135294117647059
0.134502923976608
0.117263843648208
0.115131578947368
0.158415841584158
0.159203980099502
0.0789473684210526
0.0789473684210526
0.135593220338983
0.137404580152672
0.106329113924051
0.106329113924051
0.104529616724739
0.104529616724739
0.131832797427653
0.128617363344051
0.0846774193548387
0.130890052356021
0.145695364238411
0.0949720670391061
0.1
0.121212121212121
0.121212121212121
0.109649122807018
0.128654970760234
0.128654970760234
0.130177514792899
0.130177514792899
0.13946587537092
0.108433734939759
0.128440366972477
0.128440366972477
0.126984126984127
0.138888888888889
0.14320987654321
0.104761904761905
0.106280193236715
0.151685393258427
0.168604651162791
0.134110787172012
0.109375
0.109375
0.109181141439206
0.168
0.135802469135802
0.136645962732919
0.0960698689956332
0.12258064516129
0.120547945205479
0.16243654822335
0.135678391959799
0.115606936416185
0.1003861003861
0.1003861003861
0.115671641791045
0.129337539432177
0.118421052631579
0.114285714285714
0.11522633744856
0.115294117647059
0.115294117647059
0.120879120879121
0.177083333333333
0.150259067357513
0.123042505592841
0.109022556390977
0.110687022900763
0.0966767371601208
0.0966767371601208
0.136363636363636
0.116228070175439
0.101818181818182
0.101818181818182
0.116541353383459
0.150259067357513
0.137777777777778
0.102836879432624
0.10431654676259
0.118279569892473
0.118705035971223
0.104234527687296
0.0980392156862745
0.105105105105105
0.107784431137725
0.141414141414141
0.142857142857143
0.123931623931624
0.0876777251184834
0.0876777251184834
0.0880952380952381
0.0880952380952381
0.156549520766773
0.146137787056367
0.086283185840708
0.141176470588235
0.144578313253012
0.0880952380952381
0.0952380952380952
0.195652173913043
0.109756097560976
0.109090909090909
0.142857142857143
