0.0516717325227964
0.0613409415121255
0.127586206896552
0.121212121212121
0.121951219512195
0.06070826306914
0.0818713450292398
0.111764705882353
0.0785123966942149
0.0809128630705394
0.0763358778625954
0.0763358778625954
0.107692307692308
0.157534246575342
0.0556844547563805
0.0551724137931034
0.043956043956044
0.125423728813559
0.140625
0.11
0.0373134328358209
0.0788643533123028
0.123552123552124
0.0961538461538462
0.0697050938337802
0.0671834625322997
0.0801457194899818
0.0741839762611276
0.111607142857143
0.0935251798561151
0.0753424657534247
0.0947368421052632
0.0891472868217054
0.105442176870748
0.0658823529411765
0.127272727272727
0.16403785488959
0.104477611940299
0.0912162162162162
0.0707070707070707
0.0696517412935323
0.0897435897435897
0.0889830508474576
0.0652173913043478
0.153333333333333
0.153061224489796
0.0694444444444444
0.0969072164948454
0.0561224489795918
0.0555555555555556
0.104089219330855
0.112727272727273
0.112727272727273
0.051063829787234
0.037344398340249
0.0865921787709497
0.087719298245614
0.150406504065041
0.117647058823529
0.143835616438356
0.11219512195122
0.0901408450704225
0.0813559322033898
0.0724946695095949
0.0634920634920635
0.130718954248366
0.128260869565217
0.118279569892473
0.0578034682080925
0.0398550724637681
0.115
0.0344827586206897
0.0344827586206897
0.0681818181818182
0.154761904761905
0.105263157894737
0.0810344827586207
0.0577617328519856
0.0303030303030303
0.0742857142857143
0.100840336134454
0.0314769975786925
0.117154811715481
0.117154811715481
0.0779220779220779
0.0779220779220779
0.118279569892473
0.0793650793650794
0.0969529085872576
0.0651162790697674
0.0651162790697674
0.0540540540540541
0.105747126436782
0.106976744186047
0.116550116550117
0.0567612687813022
0.0729166666666667
0.113013698630137
0.14344262295082
0.147540983606557
0.131016042780749
0.133689839572193
0.0606060606060606
0.0958904109589041
0.161585365853659
0.137184115523466
0.0384615384615385
0.126582278481013
0.0763888888888889
0.0627450980392157
0.0637450199203187
0.12396694214876
0.0841423948220065
0.0769230769230769
0.0386100386100386
0.0683453237410072
0.11340206185567
0.0579150579150579
0.0721062618595825
0.128930817610063
0.0591397849462366
0.0603674540682415
0.109913793103448
0.11038961038961
0.0929203539823009
0.0834512022630834
0.0521739130434783
0.0670103092783505
0.105263157894737
0.0992063492063492
0.147826086956522
0.06
0.111538461538462
0.0303030303030303
0.0969162995594714
0.0545454545454545
0.0532544378698225
0.0712830957230143
0.0602409638554217
0.0647321428571429
0.073558648111332
0.0625
0.116465863453815
0.116465863453815
0.0617977528089888
0.103703703703704
0.0873180873180873
0.0873180873180873
0.136363636363636
0.0736086175942549
0.0492424242424242
0.116666666666667
0.125
0.0781841109709962
0.0639386189258312
0.066543438077634
0.236923076923077
