0.146892655367232
0.146892655367232
0.246231155778894
0.246231155778894
0.24
0.24
0.301538461538462
0.284552845528455
0.284552845528455
0.286624203821656
0.251461988304094
0.137566137566138
0.137566137566138
0.305555555555556
0.289156626506024
0.290909090909091
0.137566137566138
0.137566137566138
0.270588235294118
0.270588235294118
0.281012658227848
0.281012658227848
0.180064308681672
0.180064308681672
0.31858407079646
0.203883495145631
0.203883495145631
0.285714285714286
0.284848484848485
0.301075268817204
0.301075268817204
0.12568306010929
0.13302752293578
0.13302752293578
0.246636771300448
0.244444444444444
0.119601328903654
0.119601328903654
0.311418685121107
0.311418685121107
0.146428571428571
0.146428571428571
0.33502538071066
0.274809160305344
0.145251396648045
0.145251396648045
0.277227722772277
0.227544910179641
0.227544910179641
0.23030303030303
0.23030303030303
0.304964539007092
0.246212121212121
0.246212121212121
0.333333333333333
0.30635838150289
0.302857142857143
0.313953488372093
0.310679611650485
0.276041666666667
0.276041666666667
0.167487684729064
0.167487684729064
0.285714285714286
0.204819277108434
0.204819277108434
0.105263157894737
0.105263157894737
0.397849462365591
0.303030303030303
0.303030303030303
0.245508982035928
0.235294117647059
0.235294117647059
0.111111111111111
0.325358851674641
0.258687258687259
0.246575342465753
0.243243243243243
0.0971428571428571
0.0971428571428571
0.0965909090909091
0.0965909090909091
0.105504587155963
0.105504587155963
0.246666666666667
0.149253731343284
0.116883116883117
0.116883116883117
0.14453125
0.14453125
0.294573643410853
0.300613496932515
0.304
0.162303664921466
0.162303664921466
0.284280936454849
0.284280936454849
0.140776699029126
0.140776699029126
0.285714285714286
0.297777777777778
0.292237442922374
0.290909090909091
0.313725490196078
0.146341463414634
0.146341463414634
0.313868613138686
0.264150943396226
0.261682242990654
0.211764705882353
0.22093023255814
0.27710843373494
0.270588235294118
0.259259259259259
0.458083832335329
0.1125
0.1125
0.202247191011236
0.318840579710145
0.318840579710145
0.153846153846154
0.153846153846154
0.113207547169811
0.113207547169811
0.123333333333333
0.123333333333333
0.112994350282486
0.112994350282486
0.302752293577982
0.34375
0.275
0.275
0.397435897435897
0.402597402597403
0.280898876404494
0.152046783625731
0.152046783625731
0.306954436450839
0.306954436450839
0.289473684210526
