0.162921348314607
0.162921348314607
0.162011173184358
0.162011173184358
0.136363636363636
0.136363636363636
0.133333333333333
0.133333333333333
0.116751269035533
0.116751269035533
0.125
0.125
0.113821138211382
0.113821138211382
0.133757961783439
0.133757961783439
0.145
0.145
0.112033195020747
0.112033195020747
0.134328358208955
0.134328358208955
0.030441400304414
0.030441400304414
0.130952380952381
0.130952380952381
0.0576923076923077
0.0576923076923077
0.117647058823529
0.117647058823529
0.125
0.125
0.178082191780822
0.178082191780822
0.137931034482759
0.137931034482759
0.137931034482759
0.137931034482759
0.11965811965812
0.11965811965812
0.11864406779661
0.11864406779661
0.149350649350649
0.149350649350649
0.283870967741935
0.175
0.141176470588235
0.141176470588235
0.12280701754386
0.12280701754386
0.0588235294117647
0.0588235294117647
0.14375
0.14375
0.127753303964758
0.127753303964758
0.0938967136150235
0.0938967136150235
0.215686274509804
0.215686274509804
0.135338345864662
0.135338345864662
0.335483870967742
0.147727272727273
0.147727272727273
0.111111111111111
0.111111111111111
0.144927536231884
0.144927536231884
0.198198198198198
0.198198198198198
0.189189189189189
0.189189189189189
0.142857142857143
0.142857142857143
0.123456790123457
0.123456790123457
0.123456790123457
0.123456790123457
0.223404255319149
0.120689655172414
0.120689655172414
0.121457489878543
0.121457489878543
0.0769230769230769
0.0769230769230769
0.106976744186047
0.106976744186047
0.110047846889952
0.110047846889952
0.12987012987013
0.12987012987013
0.101351351351351
0.101351351351351
0.0980392156862745
0.0980392156862745
0.134969325153374
0.134969325153374
0.122222222222222
0.122222222222222
0.239583333333333
0.239583333333333
0.11304347826087
0.11304347826087
0.265060240963855
0.133802816901408
0.133802816901408
0.181818181818182
0.181818181818182
0.178217821782178
0.178217821782178
0.213333333333333
0.123893805309735
0.123893805309735
0.142857142857143
0.142857142857143
0.131944444444444
0.131944444444444
0.122448979591837
0.122448979591837
0.106918238993711
0.106918238993711
0.10625
0.10625
0.084
0.084
0.103703703703704
0.103703703703704
0.102941176470588
0.102941176470588
0.1875
0.124137931034483
0.124137931034483
0.178571428571429
0.131868131868132
0.131868131868132
0.1484375
0.1484375
0.149606299212598
0.149606299212598
0.0338983050847458
0.129707112970711
0.129707112970711
0.0655737704918033
0.149068322981366
0.149068322981366
0.0915492957746479
0.0915492957746479
0.0921985815602837
0.0921985815602837
0.152317880794702
0.117647058823529
0.117647058823529
0.127777777777778
0.127777777777778
0.106060606060606
0.106060606060606
0.0882352941176471
0.0882352941176471
0.0882352941176471
0.0882352941176471
0.188118811881188
0.188118811881188
0.0866141732283465
0.0866141732283465
0.155844155844156
0.155844155844156
0.0774193548387097
0.0774193548387097
0.0892857142857143
0.0892857142857143
0.132530120481928
0.132530120481928
0.134146341463415
0.134146341463415
0.138888888888889
0.14018691588785
0.132743362831858
0.130081300813008
0.130081300813008
0.120689655172414
0.120689655172414
0.123188405797101
0.123188405797101
0.142857142857143
0.142857142857143
0.139393939393939
0.139393939393939
0.0947368421052632
0.0947368421052632
0.0947368421052632
0.0947368421052632
0.118705035971223
0.118705035971223
0.135338345864662
0.135338345864662
0.112903225806452
0.112903225806452
0.153846153846154
0.155555555555556
0.133928571428571
0.133928571428571
0.102941176470588
0.102941176470588
0.1
0.1
0.115789473684211
0.115789473684211
0.147887323943662
0.147887323943662
0.128378378378378
0.128378378378378
0.0909090909090909
0.0909090909090909
0.126126126126126
0.126126126126126
0.126126126126126
0.126126126126126
0.138686131386861
0.138686131386861
0.151315789473684
0.151315789473684
0.0675675675675676
0.0675675675675676
0.0869565217391304
0.0869565217391304
0.0888888888888889
0.0888888888888889
0.0909090909090909
0.0898876404494382
0.153846153846154
0.153846153846154
0.162790697674419
0.162790697674419
0.147540983606557
0.147540983606557
0.206521739130435
0.206521739130435
0.137931034482759
0.134020618556701
0.134020618556701
0.13265306122449
0.13265306122449
0.162162162162162
0.162162162162162
0.123188405797101
0.123188405797101
0.140350877192982
0.140350877192982
0.141025641025641
0.141025641025641
0.175925925925926
0.182926829268293
0.182926829268293
0.16551724137931
0.16551724137931
0.0714285714285714
0.181818181818182
0.114406779661017
0.114406779661017
0.154639175257732
0.154639175257732
0.119565217391304
0.119565217391304
0.117647058823529
0.117647058823529
0.143859649122807
0.143859649122807
0.032967032967033
0.032967032967033
0.032967032967033
0.032967032967033
0.197368421052632
0.197368421052632
0.196506550218341
0.196506550218341
0.123456790123457
0.123456790123457
0.129943502824859
0.129943502824859
0.133333333333333
0.133333333333333
0.0454545454545455
0.0454545454545455
0.0562770562770563
0.0562770562770563
0.2
0.2
0.126582278481013
0.126582278481013
0.12962962962963
0.12962962962963
0.154320987654321
0.154320987654321
0.144385026737968
0.144385026737968
0.164893617021277
0.164893617021277
0.166666666666667
0.166666666666667
0.157894736842105
0.157894736842105
0.172897196261682
0.172897196261682
0.122137404580153
0.122137404580153
0.116788321167883
0.116788321167883
0.119266055045872
0.0625
0.0625
0.103896103896104
0.102564102564103
0.16504854368932
0.16504854368932
0.158878504672897
0.158878504672897
0.131147540983607
0.135714285714286
0.0646258503401361
0.0646258503401361
0.179310344827586
0.179310344827586
0.130232558139535
0.130232558139535
0.132075471698113
0.132075471698113
0.0578512396694215
0.0580912863070539
0.111111111111111
0.111111111111111
0.110497237569061
0.110497237569061
0.150877192982456
0.150877192982456
0.196969696969697
0.196969696969697
0.211111111111111
0.128571428571429
0.128571428571429
0.17989417989418
0.17989417989418
0.141104294478528
0.141104294478528
0.075
0.075
0.075
0.075
0.228571428571429
0.110091743119266
0.110091743119266
0.11214953271028
0.11214953271028
0.0892857142857143
0.0892857142857143
0.078125
0.117647058823529
0.107142857142857
0.102803738317757
0.102803738317757
0.183673469387755
0.0947368421052632
0.0957446808510638
0.164179104477612
0.086734693877551
0.086734693877551
0.0880829015544041
0.0880829015544041
0.0961538461538462
0.0961538461538462
0.156862745098039
0.134615384615385
0.134615384615385
0.121951219512195
0.121951219512195
0.189473684210526
0.189473684210526
