0.260744985673352
0.260744985673352
0.248520710059172
0.248520710059172
0.0578386605783866
0.0578386605783866
0.0560606060606061
0.0560606060606061
0.0729411764705882
0.0951456310679612
0.0951456310679612
0.202821869488536
0.236413043478261
0.236413043478261
0.273037542662116
0.273037542662116
0.208121827411168
0.208121827411168
0.207594936708861
0.207594936708861
0.213389121338912
0.213389121338912
0.0747126436781609
0.0747126436781609
0.105431309904153
0.105431309904153
0.072463768115942
0.2
0.195219123505976
0.0888429752066116
0.0888429752066116
0.0830769230769231
0.0684596577017115
0.0512820512820513
0.0512820512820513
0.0718132854578097
0.0718132854578097
0.277327935222672
0.277327935222672
0.260053619302949
0.260053619302949
0.259358288770053
0.0854700854700855
0.0854700854700855
0.171428571428571
0.171428571428571
0.0691964285714286
0.281345565749235
0.282208588957055
0.226744186046512
0.226744186046512
0.182291666666667
0.0689655172413793
0.0696517412935323
0.0696517412935323
0.075
0.075
0.242647058823529
0.242647058823529
0.0814696485623003
0.0814696485623003
0.062
0.062
0.221662468513854
0.221662468513854
0.0877513711151737
0.0877513711151737
0.0884353741496599
0.0884353741496599
0.0949074074074074
0.0949074074074074
0.245508982035928
0.245508982035928
0.26
0.236363636363636
0.211267605633803
0.213709677419355
0.212
0.073345259391771
0.073345259391771
0.108
0.0673076923076923
0.0673076923076923
0.06282722513089
0.231617647058824
0.231617647058824
0.0810810810810811
0.0810810810810811
0.081419624217119
0.081419624217119
0.240986717267552
0.240986717267552
0.0758807588075881
0.0758807588075881
0.0752688172043011
0.0752688172043011
0.251082251082251
0.251082251082251
0.46830985915493
0.537878787878788
0.510288065843621
0.455497382198953
0.0642750373692078
0.0642750373692078
0.443686006825939
0.0695488721804511
0.0695488721804511
0.219330855018587
0.470383275261324
0.5
0.440758293838863
0.462897526501767
0.205724508050089
0.162790697674419
0.162790697674419
0.0780911062906725
0.0780911062906725
0.256603773584906
0.249427917620137
0.249427917620137
0.233333333333333
0.0901639344262295
0.0901639344262295
0.0819964349376114
0.0819964349376114
0.240740740740741
0.0787172011661808
0.0787172011661808
0.0812324929971989
0.0812324929971989
0.232323232323232
0.232323232323232
0.256568778979907
0.256568778979907
0.242647058823529
0.260162601626016
0.196629213483146
0.193370165745856
0.193370165745856
0.276923076923077
0.235449735449735
0.235449735449735
0.0775193798449612
0.0775193798449612
0.072289156626506
0.0728155339805825
0.0833333333333333
0.0846905537459283
0.104166666666667
0.104166666666667
0.267782426778243
0.079646017699115
0.079646017699115
0.274193548387097
0.0848806366047745
0.0848806366047745
0.0669144981412639
0.0669144981412639
0.0666666666666667
0.0747217806041336
0.0747217806041336
0.0930232558139535
0.101063829787234
0.101063829787234
0.069164265129683
0.069164265129683
0.0706051873198847
0.0706051873198847
0.063034188034188
0.063034188034188
0.201030927835052
0.201030927835052
0.25
0.25
0.0809061488673139
0.066
0.066
0.0789473684210526
0.0789473684210526
0.0806754221388368
0.0806754221388368
0.144981412639405
0.32295719844358
0.32295719844358
