0.193737769080235
0.193737769080235
0.166666666666667
0.166666666666667
0.191950464396285
0.191950464396285
0.224913494809689
0.224913494809689
0.0589390962671906
0.180811808118081
0.180811808118081
0.19327731092437
0.230434782608696
0.168
0.168
0.0921052631578947
0.139344262295082
0.139344262295082
0.139917695473251
0.178571428571429
0.178571428571429
0.114457831325301
0.0330882352941176
0.208494208494208
0.208494208494208
0.232394366197183
0.233038348082596
0.187134502923977
0.152671755725191
0.152671755725191
0.196642685851319
0.196642685851319
0.194278903456496
0.194278903456496
0.228228228228228
0.185185185185185
0.185185185185185
0.149253731343284
0.207762557077626
0.207762557077626
0.215384615384615
0.217647058823529
0.217647058823529
0.217008797653959
0.217008797653959
0.227106227106227
0.204334365325077
0.204334365325077
0.25089605734767
0.25089605734767
0.216998191681736
0.216998191681736
0.1975
0.1975
0.203947368421053
0.0589390962671906
0.256521739130435
0.226837060702875
0.226837060702875
0.187772925764192
0.187772925764192
0.190789473684211
0.190789473684211
0.121747211895911
0.23013698630137
0.231404958677686
0.208722741433022
0.208722741433022
0.202898550724638
0.202898550724638
0.0425531914893617
0.186320754716981
0.186320754716981
0.170731707317073
0.170731707317073
0.075
0.19815668202765
0.225490196078431
0.225490196078431
0.180645161290323
0.180645161290323
0.225742574257426
0.225742574257426
0.193262411347518
0.193262411347518
0.21025641025641
0.21025641025641
0.179856115107914
0.179856115107914
