0.148997134670487
0.184210526315789
0.087248322147651
0.0855855855855856
0.0458715596330275
0.0595238095238095
0.171779141104294
0.0353982300884956
0.173410404624277
0.0374331550802139
0.103806228373702
0.0771812080536913
0.0852459016393443
0.0422018348623853
0.20253164556962
0.0434782608695652
0.196078431372549
0.170731707317073
0.0336134453781513
0.0779220779220779
0.0466101694915254
0.0569105691056911
0.0625
0.0538922155688623
0.183760683760684
0.170212765957447
0.0948717948717949
0.0906862745098039
0.0662393162393162
0.198198198198198
0.188073394495413
0.0582959641255605
0.164179104477612
0.164948453608247
0.060790273556231
0.0634441087613293
0.0426829268292683
0.0808435852372583
0.172131147540984
0.155251141552511
0.154150197628458
0.173228346456693
0.0723270440251572
0.166666666666667
0.0711111111111111
0.191176470588235
0.188295165394402
0.0426229508196721
0.0745341614906832
0.073394495412844
0.190578158458244
0.148148148148148
0.0320855614973262
0.0660980810234542
0.0421052631578947
0.237142857142857
0.386861313868613
