0.0617283950617284
0.0617283950617284
0.0379746835443038
0.0379746835443038
0.0585774058577406
0.0585774058577406
0.04
0.04
0.0328947368421053
0.0328947368421053
0.0509090909090909
0.0509090909090909
0.0428571428571429
0.0428571428571429
0.0711297071129707
0.0711297071129707
0.0476190476190476
0.0476190476190476
0.0396039603960396
0.0396039603960396
0.0314465408805031
0.0314465408805031
0.0384615384615385
0.0384615384615385
0.0391304347826087
0.0391304347826087
0.0711111111111111
0.0711111111111111
0.0707964601769911
0.0707964601769911
0.040650406504065
0.040650406504065
0.0512820512820513
0.0512820512820513
0.054989816700611
0.054989816700611
0.0654761904761905
0.0654761904761905
0.051948051948052
0.051948051948052
0.0736842105263158
0.0736842105263158
0.0560747663551402
0.0560747663551402
0.036036036036036
0.036036036036036
0.0330578512396694
0.0330578512396694
0.105058365758755
0.105058365758755
0.0536585365853659
0.0536585365853659
0.0418250950570342
0.0418250950570342
