0.0347826086956522
0.0347826086956522
0.0530973451327434
0.0530973451327434
0.0456140350877193
0.0456140350877193
0.041522491349481
0.041522491349481
0.493243243243243
0.0301204819277108
0.0301204819277108
0.0305466237942122
0.0305466237942122
0.0552631578947368
0.0552631578947368
0.039039039039039
0.039039039039039
0.0345744680851064
0.0345744680851064
0.110144927536232
0.110144927536232
0.176895306859206
0.176895306859206
0.0408719346049046
0.0408719346049046
0.051948051948052
0.051948051948052
0.0423728813559322
0.0423728813559322
0.0431372549019608
0.0431372549019608
0.0388888888888889
0.0388888888888889
0.146
0.146
0.0402476780185759
0.0402476780185759
0.0371900826446281
0.0371900826446281
0.0753424657534247
0.0753424657534247
0.0988505747126437
0.0988505747126437
0.0476190476190476
0.0476190476190476
0.0473537604456825
0.0473537604456825
0.0394088669950739
0.0394088669950739
0.0328947368421053
0.0328947368421053
0.0512820512820513
0.0454545454545455
0.0454545454545455
0.0413385826771654
0.0413385826771654
0.0405405405405405
0.0405405405405405
0.0707964601769911
0.17175572519084
0.17175572519084
0.0461538461538462
0.0461538461538462
0.120331950207469
0.0761421319796954
0.0761421319796954
0.0465116279069767
0.0465116279069767
0.0534351145038168
0.0534351145038168
0.0364583333333333
0.0364583333333333
0.0434782608695652
0.0427350427350427
0.0306748466257669
0.0306748466257669
0.14519056261343
0.14519056261343
0.0407239819004525
0.0407239819004525
0.122850122850123
0.122850122850123
0.0449438202247191
0.0449438202247191
0.135071090047393
0.135071090047393
0.0522765598650927
0.0522765598650927
0.0552486187845304
0.0552486187845304
0.0549450549450549
0.0549450549450549
0.0507462686567164
0.0507462686567164
0.0512048192771084
0.0512048192771084
0.0310880829015544
0.0310880829015544
0.0571428571428571
0.0571428571428571
0.135220125786164
0.135220125786164
0.0335570469798658
0.0335570469798658
0.037037037037037
0.037037037037037
0.0349462365591398
0.0349462365591398
0.142028985507246
0.142028985507246
0.0305343511450382
0.0305343511450382
0.0555555555555556
0.0555555555555556
0.0408653846153846
0.0408653846153846
0.0407673860911271
0.0407673860911271
0.0452261306532663
0.0452261306532663
0.0508474576271186
0.0508474576271186
0.0511363636363636
0.0511363636363636
0.0515873015873016
0.0515873015873016
0.0513833992094862
0.0513833992094862
0.032
0.032
0.0585241730279898
0.0585241730279898
0.03125
0.03125
0.136246786632391
0.136246786632391
0.0304659498207885
0.0304659498207885
0.0425531914893617
0.0425531914893617
0.05
0.0454545454545455
0.0454545454545455
0.142506142506143
0.142506142506143
0.141119221411192
0.141119221411192
0.037037037037037
0.037037037037037
0.0487804878048781
0.0487804878048781
0.0549132947976879
0.0549132947976879
0.0355329949238579
0.0355329949238579
0.0406976744186047
0.0406976744186047
0.0377358490566038
0.0377358490566038
0.0319148936170213
0.138888888888889
0.138888888888889
0.0317460317460317
0.0317460317460317
0.032
0.032
0.0453257790368272
0.0453257790368272
0.0304054054054054
0.0304054054054054
0.0456273764258555
0.0456273764258555
0.0447154471544715
0.0447154471544715
0.0484330484330484
0.0484330484330484
0.116666666666667
0.48046875
0.124378109452736
0.124378109452736
0.464454976303318
0.0419847328244275
