0.305970149253731
0.226086956521739
0.226086956521739
0.203065134099617
0.203065134099617
0.28169014084507
0.121546961325967
0.125
0.275590551181102
0.216216216216216
0.216216216216216
0.217391304347826
0.217391304347826
0.208835341365462
0.208835341365462
0.222929936305732
0.220125786163522
0.275
0.275
0.213930348258706
0.213930348258706
0.0598958333333333
0.2625
0.2625
0.297546012269939
0.297546012269939
0.269035532994924
0.269035532994924
0.25609756097561
0.0523690773067332
0.0523690773067332
0.283505154639175
0.283505154639175
0.178082191780822
0.178082191780822
0.173469387755102
0.173469387755102
0.196296296296296
0.196296296296296
0.220472440944882
0.221428571428571
0.221428571428571
0.273936170212766
0.274038461538462
0.228395061728395
0.228395061728395
0.226993865030675
0.226993865030675
0.209016393442623
0.209016393442623
0.208163265306122
0.208163265306122
0.255555555555556
0.229437229437229
0.229437229437229
0.21523178807947
0.21523178807947
0.290598290598291
0.293103448275862
0.293103448275862
0.255905511811024
0.287769784172662
0.287769784172662
0.227848101265823
0.227848101265823
0.283950617283951
0.263888888888889
0.264957264957265
0.271929824561404
0.265402843601896
0.26271186440678
0.22972972972973
0.22972972972973
0.226148409893993
0.303703703703704
0.275541795665635
0.275541795665635
0.246875
0.246875
0.114864864864865
0.239685658153242
0.239685658153242
0.206896551724138
0.248803827751196
0.0516898608349901
0.231958762886598
0.231958762886598
0.289473684210526
0.245421245421245
0.245421245421245
0.246376811594203
0.246376811594203
0.288557213930348
0.241379310344828
0.278026905829596
0.278026905829596
0.191176470588235
0.191176470588235
0.183823529411765
0.183823529411765
0.266666666666667
0.266666666666667
0.263736263736264
0.263736263736264
0.0548628428927681
0.0548628428927681
0.287671232876712
0.201923076923077
0.201923076923077
0.265861027190332
0.265861027190332
0.253521126760563
0.253521126760563
0.25
0.25
0.262135922330097
0.235294117647059
0.22
0.22
0.287313432835821
0.287313432835821
0.28125
0.228855721393035
0.228855721393035
0.295620437956204
0.241025641025641
0.241025641025641
0.242990654205607
0.218181818181818
0.218181818181818
0.340796019900498
0.340796019900498
0.0825688073394495
0.252427184466019
0.0816326530612245
0.347826086956522
0.278260869565217
