0.186206896551724
0.186206896551724
0.29126213592233
0.29126213592233
0.234432234432234
0.234432234432234
0.194736842105263
0.194736842105263
0.196808510638298
0.196808510638298
0.286666666666667
0.286666666666667
0.281879194630872
0.281879194630872
0.224598930481283
0.224598930481283
0.225806451612903
0.225806451612903
0.214022140221402
0.214022140221402
0.233898305084746
0.233898305084746
0.222222222222222
0.222222222222222
0.262096774193548
0.262096774193548
0.254237288135593
0.254237288135593
0.268722466960352
0.268722466960352
0.245810055865922
0.245810055865922
0.206989247311828
0.206989247311828
0.243181818181818
0.243181818181818
0.104477611940299
0.146341463414634
0.146341463414634
0.253061224489796
0.253061224489796
0.281167108753316
0.281167108753316
0.262745098039216
0.262745098039216
0.225396825396825
0.225396825396825
0.244444444444444
0.244444444444444
0.248587570621469
0.248587570621469
0.22707423580786
0.22707423580786
0.22707423580786
0.22707423580786
0.240875912408759
0.240875912408759
0.23826714801444
0.23826714801444
0.239852398523985
0.239852398523985
0.238970588235294
0.238970588235294
0.216730038022814
0.216730038022814
0.262962962962963
0.262962962962963
0.197278911564626
0.197278911564626
0.233532934131737
0.233532934131737
0.289855072463768
0.240196078431373
0.240196078431373
0.230769230769231
0.230769230769231
0.136507936507936
0.136507936507936
0.202764976958525
0.202764976958525
0.203208556149733
0.203208556149733
0.203753351206434
0.203753351206434
0.239884393063584
0.239884393063584
0.227011494252874
0.227011494252874
0.176470588235294
0.176470588235294
0.179566563467492
0.179566563467492
0.285714285714286
0.285714285714286
0.307984790874525
0.307984790874525
0.20952380952381
0.20952380952381
0.242937853107345
0.242937853107345
0.0556745182012848
0.237354085603113
0.237354085603113
0.255905511811024
0.255905511811024
0.217391304347826
0.217391304347826
0.219251336898396
0.219251336898396
0.237623762376238
0.237623762376238
0.241525423728814
0.241525423728814
0.236526946107784
0.236526946107784
0.251700680272109
0.368852459016393
0.368852459016393
0.193014705882353
0.193014705882353
0.194444444444444
0.194444444444444
0.179220779220779
0.179220779220779
0.178756476683938
0.178756476683938
0.24907063197026
0.24907063197026
0.188461538461538
0.188461538461538
0.242857142857143
0.242857142857143
0.23696682464455
0.23696682464455
0.257894736842105
0.257894736842105
0.221556886227545
0.221556886227545
0.23
0.23
0.235023041474654
0.235023041474654
0.231818181818182
0.231818181818182
0.229166666666667
0.229166666666667
0.290780141843972
0.290780141843972
0.232394366197183
0.201492537313433
0.201492537313433
0.189393939393939
0.189393939393939
0.303030303030303
0.303030303030303
0.241258741258741
0.241258741258741
0.269662921348315
0.269662921348315
0.188235294117647
0.263610315186246
0.263610315186246
0.193939393939394
0.193939393939394
0.192192192192192
0.192192192192192
0.271084337349398
0.271084337349398
0.212034383954155
0.212034383954155
0.210227272727273
0.210227272727273
0.460869565217391
0.213438735177866
0.213438735177866
0.253275109170306
0.253275109170306
0.252173913043478
0.252173913043478
0.216768916155419
0.216768916155419
0.224089635854342
0.224089635854342
0.238532110091743
0.238532110091743
0.265917602996255
0.265917602996255
0.252336448598131
0.252336448598131
0.241525423728814
0.241525423728814
0.243421052631579
0.243421052631579
0.28448275862069
0.28448275862069
0.213414634146341
0.213414634146341
0.212574850299401
0.212574850299401
0.214501510574018
0.214501510574018
0.246835443037975
0.246835443037975
0.0422535211267606
0.340425531914894
0.340425531914894
0.283132530120482
0.283132530120482
0.283132530120482
0.283132530120482
0.242320819112628
0.242320819112628
0.257575757575758
0.257575757575758
0.201183431952663
0.201183431952663
0.23943661971831
0.23943661971831
0.232394366197183
0.232394366197183
0.271144278606965
0.271144278606965
0.18125
0.18125
0.18125
0.18125
0.037037037037037
0.251700680272109
0.251700680272109
0.254237288135593
0.254237288135593
0.192771084337349
0.192771084337349
0.248868778280543
0.248868778280543
0.252293577981651
0.252293577981651
0.281456953642384
0.281456953642384
0.24609375
0.24609375
0.228070175438596
0.228070175438596
0.216666666666667
0.216666666666667
0.185792349726776
0.185792349726776
0.188172043010753
0.188172043010753
0.223404255319149
0.223404255319149
0.196296296296296
0.196296296296296
0.217741935483871
0.217741935483871
0.229508196721311
0.229508196721311
0.233766233766234
0.233766233766234
0.232704402515723
0.232704402515723
0.182266009852217
0.182266009852217
0.216710182767624
0.216710182767624
0.264501160092807
0.264501160092807
0.275
0.275
0.190661478599222
0.190661478599222
0.229965156794425
0.229965156794425
0.28695652173913
0.28695652173913
0.279475982532751
0.279475982532751
0.253097345132743
0.253097345132743
0.447154471544715
0.215311004784689
0.215311004784689
0.20979020979021
0.20979020979021
0.49746192893401
0.49746192893401
