0.106382978723404
0.126637554585153
0.100467289719626
0.12093023255814
0.103174603174603
0.0635245901639344
0.0953389830508475
0.0823529411764706
0.0932400932400932
0.0981012658227848
0.0934343434343434
0.092964824120603
0.0925925925925926
0.0738137082601054
0.100719424460432
0.0989399293286219
0.121359223300971
0.0919220055710306
0.092436974789916
0.0859598853868195
0.13265306122449
0.0681818181818182
0.0333333333333333
0.0804020100502513
0.100558659217877
0.0919540229885057
0.0969387755102041
0.114219114219114
0.125
0.116788321167883
0.104545454545455
0.0936170212765957
0.114551083591331
0.087719298245614
0.0790190735694823
0.0817438692098093
0.497607655502392
0.0858208955223881
0.084
0.526086956521739
0.506493506493506
0.454887218045113
0.149825783972125
0.146258503401361
0.091703056768559
0.140562248995984
0.134680134680135
0.118421052631579
0.10455764075067
0.0805194805194805
0.122549019607843
0.0869565217391304
