0.116022099447514
0.0972222222222222
0.102564102564103
0.101123595505618
0.0931034482758621
0.0973684210526316
0.12
0.113636363636364
0.119760479041916
0.12
0.115131578947368
0.10727969348659
0.105882352941176
0.128813559322034
0.119453924914676
0.0857142857142857
0.118012422360248
0.124161073825503
0.119205298013245
0.128712871287129
0.142105263157895
0.0666666666666667
0.08
0.0856031128404669
0.132183908045977
0.118556701030928
0.129807692307692
0.0972222222222222
0.101408450704225
0.121076233183857
0.167247386759582
0.133333333333333
0.134986225895317
0.152263374485597
0.130111524163569
0.164473684210526
0.132841328413284
0.0982286634460548
0.138888888888889
0.133333333333333
0.115577889447236
0.143589743589744
0.112359550561798
0.117886178861789
0.13745704467354
0.135135135135135
0.113861386138614
0.122666666666667
0.0824372759856631
0.0886075949367089
0.0743801652892562
0.126279863481229
0.105263157894737
0.10989010989011
0.115207373271889
0.106719367588933
0.115
0.0966850828729282
0.114457831325301
0.136986301369863
0.079295154185022
0.079646017699115
0.08300395256917
0.118279569892473
0.114754098360656
0.133333333333333
0.131782945736434
0.138157894736842
0.102836879432624
0.0865384615384615
0.105820105820106
0.110749185667752
0.105769230769231
0.104761904761905
0.112994350282486
0.111587982832618
0.11280487804878
0.112462006079027
0.10955710955711
0.141176470588235
0.0980392156862745
0.102040816326531
0.136029411764706
