0.0354609929078014
0.185454545454545
0.185454545454545
0.0336134453781513
0.0336134453781513
0.182926829268293
0.182926829268293
0.0307692307692308
0.0749464668094218
0.0749464668094218
0.181818181818182
0.181818181818182
0.18796992481203
0.18796992481203
0.154205607476636
0.154205607476636
0.188498402555911
0.188498402555911
0.173913043478261
0.173913043478261
0.0310077519379845
0.0310077519379845
0.101626016260163
0.101626016260163
0.169811320754717
0.169811320754717
0.192118226600985
0.192118226600985
0.0302013422818792
0.164285714285714
0.194616977225673
0.194616977225673
0.167910447761194
0.167910447761194
0.196296296296296
0.196296296296296
0.0894568690095847
0.143497757847534
0.177474402730375
0.177474402730375
0.175675675675676
0.175675675675676
0.0520833333333333
0.5
0.220338983050847
0.220338983050847
0.17629179331307
0.17629179331307
0.172413793103448
0.0685920577617329
0.16015625
0.16015625
0.08
0.0819112627986348
0.0780141843971631
0.0453781512605042
0.0453781512605042
0.0456081081081081
0.0456081081081081
0.169550173010381
0.169550173010381
0.218045112781955
0.218045112781955
0.0326086956521739
0.181208053691275
0.181208053691275
0.181034482758621
0.204152249134948
0.204152249134948
0.160714285714286
0.160714285714286
0.160714285714286
0.160714285714286
0.0757575757575758
0.213058419243986
0.213058419243986
0.193954659949622
0.193954659949622
0.209195402298851
0.209195402298851
0.147651006711409
0.147651006711409
0.153696498054475
0.153696498054475
0.152046783625731
0.152046783625731
0.064638783269962
0.0630975143403442
0.0630975143403442
0.201680672268908
0.201680672268908
0.164383561643836
0.164383561643836
0.161490683229814
0.160493827160494
0.18018018018018
0.18018018018018
0.214285714285714
0.214285714285714
0.167213114754098
0.167213114754098
0.168316831683168
0.168316831683168
0.220858895705521
0.220858895705521
0.146031746031746
0.146031746031746
0.146496815286624
0.146496815286624
0.162079510703364
0.162079510703364
0.0790816326530612
0.034965034965035
0.182965299684543
0.182965299684543
0.176781002638522
0.176781002638522
0.166666666666667
0.165991902834008
0.165991902834008
0.0447761194029851
0.0554272517321016
0.0551724137931034
0.0726577437858509
0.0726577437858509
0.198697068403909
0.198697068403909
0.0720524017467249
0.0720524017467249
0.196506550218341
0.196506550218341
0.182410423452769
0.182410423452769
0.178125
0.178125
0.164739884393064
0.164739884393064
0.164739884393064
0.164739884393064
0.0321100917431193
0.0327102803738318
0.248175182481752
0.248175182481752
0.171548117154812
0.145348837209302
0.142857142857143
0.0344827586206897
0.0344827586206897
0.185185185185185
0.185185185185185
0.183098591549296
0.183098591549296
0.366197183098592
0.366197183098592
