0.131188118811881
0.131188118811881
0.0763052208835341
0.076
0.0555555555555556
0.0555555555555556
0.0909090909090909
0.0909090909090909
0.127753303964758
0.127753303964758
0.0526315789473684
0.0526315789473684
0.117408906882591
0.117408906882591
0.192307692307692
0.192307692307692
0.141608391608392
0.141608391608392
0.15
0.15
0.136986301369863
0.136986301369863
0.147435897435897
0.147435897435897
0.0955223880597015
0.0955223880597015
0.0966767371601208
0.0966767371601208
0.126712328767123
0.126712328767123
0.0355029585798817
0.0355029585798817
0.111111111111111
0.111111111111111
0.0962199312714777
0.0962199312714777
0.047085201793722
0.133136094674556
0.133136094674556
0.0788381742738589
0.0788381742738589
0.103585657370518
0.103585657370518
0.0641025641025641
0.137931034482759
0.137931034482759
0.168284789644013
0.168284789644013
0.0613207547169811
0.0613207547169811
0.0410958904109589
0.0410958904109589
0.0540540540540541
0.0540540540540541
0.0924574209245742
0.0924574209245742
0.0929095354523227
0.0929095354523227
0.152334152334152
0.152334152334152
0.0458891013384321
0.0458891013384321
0.0579710144927536
0.0579710144927536
0.0847457627118644
0.125
0.125
0.184873949579832
0.184873949579832
0.183333333333333
0.183333333333333
0.125925925925926
0.0570652173913043
0.0570652173913043
0.162420382165605
0.162420382165605
0.0691358024691358
0.0691358024691358
0.0660146699266504
0.0660146699266504
0.0695970695970696
0.0695970695970696
0.124293785310734
0.124293785310734
0.123595505617978
0.123595505617978
0.113013698630137
0.113013698630137
0.0601503759398496
0.0601503759398496
0.150375939849624
0.0863787375415282
0.0863787375415282
0.0863787375415282
0.0863787375415282
0.0517241379310345
0.0517241379310345
0.141439205955335
0.141439205955335
0.168044077134986
0.168044077134986
0.0506329113924051
0.0506329113924051
0.123809523809524
0.123809523809524
0.0374331550802139
0.0374331550802139
0.0559440559440559
0.0559440559440559
0.152284263959391
0.152284263959391
0.0985401459854015
0.0985401459854015
0.0978260869565217
0.0978260869565217
0.0434782608695652
0.0434782608695652
0.14792899408284
0.14792899408284
0.0719424460431655
0.0719424460431655
0.0455373406193078
0.0699300699300699
0.0699300699300699
0.118421052631579
0.118421052631579
0.0423452768729642
0.0423452768729642
0.182879377431907
0.182879377431907
0.176245210727969
0.176245210727969
0.0451127819548872
0.0451127819548872
0.0518134715025907
0.0518134715025907
0.116197183098592
0.116197183098592
0.114982578397213
0.114982578397213
0.0380952380952381
0.0380952380952381
0.125
0.125
0.0697674418604651
0.0697674418604651
0.104838709677419
0.104838709677419
0.128065395095368
0.128065395095368
0.149769585253456
0.149769585253456
0.133757961783439
0.133757961783439
0.134796238244514
0.134796238244514
0.0614035087719298
0.0614035087719298
0.134920634920635
0.0766550522648084
0.0766550522648084
0.1225
0.1225
0.03
0.03
0.06
0.06
0.0606060606060606
0.0606060606060606
0.0508474576271186
0.0508474576271186
0.147169811320755
0.147169811320755
0.126126126126126
0.113924050632911
0.113924050632911
0.0487804878048781
0.0487804878048781
0.184027777777778
0.184027777777778
0.0465116279069767
0.0465116279069767
0.110787172011662
0.110787172011662
0.137614678899083
0.137614678899083
0.0447761194029851
0.0447761194029851
0.0437956204379562
0.0437956204379562
0.044806517311609
0.044806517311609
0.0450819672131148
0.0450819672131148
0.0754310344827586
0.0754310344827586
0.129353233830846
0.15546218487395
0.15546218487395
0.0306122448979592
0.0306122448979592
0.0481927710843374
0.0487804878048781
0.0406091370558376
0.0406091370558376
0.0406091370558376
0.0406091370558376
0.133620689655172
0.133620689655172
0.166666666666667
0.166666666666667
0.0478260869565217
0.0478260869565217
0.151603498542274
0.151603498542274
0.182432432432432
0.182432432432432
0.0465116279069767
0.0465116279069767
0.142011834319527
0.142011834319527
0.149837133550489
0.149837133550489
0.050251256281407
0.050251256281407
0.140562248995984
0.140562248995984
0.142276422764228
0.142276422764228
0.0663265306122449
0.0663265306122449
0.161137440758294
0.161137440758294
0.109929078014184
0.109929078014184
0.0786163522012579
0.0786163522012579
0.0451127819548872
0.0451127819548872
0.0526315789473684
0.0526315789473684
0.102941176470588
0.0463576158940397
0.0463576158940397
0.0561797752808989
0.0561797752808989
0.0939086294416244
0.0939086294416244
0.189473684210526
0.189473684210526
0.0830564784053156
0.0830564784053156
0.170886075949367
0.170886075949367
0.173076923076923
0.173076923076923
0.131578947368421
0.131578947368421
0.0362903225806452
0.0362903225806452
0.0357142857142857
0.0357142857142857
0.133079847908745
0.133079847908745
0.135135135135135
0.135135135135135
0.0876565295169946
0.0876565295169946
0.032
0.032
0.0347349177330896
0.0462962962962963
0.0462962962962963
0.0379746835443038
0.0379746835443038
0.0458715596330275
0.0458715596330275
0.0435510887772194
0.0435510887772194
0.0561224489795918
0.0561224489795918
0.075
0.075
0.131105398457584
0.131105398457584
0.131782945736434
0.131782945736434
0.0474137931034483
0.0474137931034483
0.039344262295082
0.039344262295082
0.0427631578947368
0.0427631578947368
0.134646962233169
0.134646962233169
0.0436363636363636
0.0436363636363636
0.0367647058823529
0.0367647058823529
0.0359712230215827
0.0359712230215827
0.0769230769230769
0.0769230769230769
0.0809968847352025
0.0809968847352025
0.0730897009966777
0.0730897009966777
0.0977443609022556
0.0977443609022556
0.0349344978165939
0.0349344978165939
0.135231316725979
0.135231316725979
0.169642857142857
0.169642857142857
0.0853658536585366
0.1
0.132530120481928
0.132530120481928
0.123249299719888
0.123249299719888
0.105022831050228
0.105022831050228
0.108597285067873
0.108597285067873
0.0620915032679739
0.0620915032679739
0.0765027322404372
0.0765027322404372
0.0765027322404372
0.0765027322404372
0.193548387096774
0.193548387096774
0.0382165605095541
0.0382165605095541
0.172839506172839
0.172839506172839
0.0857142857142857
0.0857142857142857
0.0887372013651877
0.0887372013651877
0.0481099656357388
0.0481099656357388
0.0656934306569343
0.0656934306569343
0.138528138528139
0.138528138528139
0.0934959349593496
0.0934959349593496
0.0451807228915663
0.0451807228915663
0.0512820512820513
0.0512820512820513
0.136986301369863
0.136986301369863
0.038961038961039
0.038961038961039
0.051948051948052
0.051948051948052
0.148760330578512
0.148760330578512
0.176056338028169
0.176056338028169
0.141176470588235
0.141176470588235
0.148760330578512
0.0956175298804781
0.0956175298804781
0.110599078341014
0.110599078341014
0.154109589041096
0.154109589041096
0.133489461358314
0.133489461358314
0.134751773049645
0.134751773049645
0.0763358778625954
0.0763358778625954
0.127208480565371
0.127208480565371
0.127659574468085
0.127659574468085
0.0446096654275093
0.0446096654275093
0.122340425531915
0.0998116760828625
0.0998116760828625
0.0863309352517986
0.0863309352517986
0.0854092526690391
0.0854092526690391
0.133522727272727
0.133522727272727
0.0534351145038168
0.0534351145038168
0.092436974789916
0.092436974789916
0.116751269035533
0.114427860696517
0.114427860696517
0.0341880341880342
0.0341880341880342
0.0530612244897959
0.0530612244897959
0.0568181818181818
0.0568181818181818
0.0584795321637427
0.0584795321637427
0.102739726027397
0.102739726027397
0.0421455938697318
0.0421455938697318
0.0415094339622641
0.0415094339622641
0.0656934306569343
0.0656934306569343
0.0753968253968254
0.0753968253968254
0.092814371257485
0.092814371257485
0.064
0.064
0.0474683544303797
0.0474683544303797
0.124681933842239
0.124681933842239
0.107142857142857
0.107142857142857
0.15234375
0.15234375
0.038860103626943
0.038860103626943
0.114537444933921
0.114537444933921
0.154121863799283
0.154121863799283
0.0703125
0.0703125
0.0445344129554656
0.0445344129554656
0.0454545454545455
0.0454545454545455
0.0726256983240224
0.0726256983240224
0.168316831683168
0.0541871921182266
0.0541871921182266
0.131205673758865
0.131205673758865
0.0520833333333333
0.0520833333333333
0.0520833333333333
0.0520833333333333
0.0660377358490566
0.0660377358490566
0.0362438220757825
0.0922693266832918
0.0922693266832918
0.040920716112532
0.040920716112532
0.168032786885246
0.168032786885246
0.0316742081447964
0.0316742081447964
0.0535405872193437
0.0535405872193437
0.0555555555555556
0.0555555555555556
0.105820105820106
0.0614035087719298
0.0614035087719298
0.146919431279621
0.146919431279621
0.0491803278688525
0.0491803278688525
0.0512820512820513
0.0512820512820513
0.0510948905109489
0.0510948905109489
0.137323943661972
0.137323943661972
0.0500807754442649
0.0500807754442649
0.05
0.05
0.127272727272727
0.127272727272727
0.153179190751445
0.153179190751445
0.0469208211143695
0.0469208211143695
0.148325358851675
0.148325358851675
0.14975845410628
0.14975845410628
0.1003861003861
0.1003861003861
0.0351648351648352
0.0351648351648352
0.125954198473282
0.125954198473282
0.486486486486487
0.13015873015873
0.13015873015873
0.0539083557951483
0.04
0.04
0.0516129032258065
0.0516129032258065
0.0606060606060606
0.0606060606060606
0.058252427184466
0.0588235294117647
0.141843971631206
0.141843971631206
0.0494505494505494
0.0494505494505494
0.0489130434782609
0.0489130434782609
0.173228346456693
0.173228346456693
0.174603174603175
0.174603174603175
0.0392156862745098
0.0392156862745098
0.0957095709570957
0.0957095709570957
0.0686274509803922
0.0686274509803922
0.0679611650485437
0.0679611650485437
0.0450236966824645
0.0450236966824645
0.0563380281690141
0.0563380281690141
0.121875
0.121875
0.0619195046439628
0.0619195046439628
0.0867052023121387
0.0867052023121387
0.0394736842105263
0.0394736842105263
0.161825726141079
0.161825726141079
0.0376569037656904
0.0376569037656904
0.122033898305085
0.122033898305085
0.102941176470588
0.102941176470588
0.146005509641873
0.146005509641873
0.0980926430517711
0.0980926430517711
0.0989010989010989
0.0989010989010989
0.181102362204724
0.0363128491620112
0.0363128491620112
0.0567375886524823
0.0567375886524823
0.125
0.125
0.115942028985507
0.115942028985507
0.0315398886827458
0.0315398886827458
0.0543478260869565
0.0543478260869565
0.161290322580645
0.161290322580645
