0.278761061946903
0.25
0.25
0.248979591836735
0.248979591836735
0.21551724137931
0.21356783919598
0.21356783919598
0.214646464646465
0.214646464646465
0.269709543568465
0.193396226415094
0.193396226415094
0.318181818181818
0.236318407960199
0.236318407960199
0.204938271604938
0.204938271604938
0.19047619047619
0.19047619047619
0.205278592375367
0.205278592375367
0.207317073170732
0.207317073170732
0.213523131672598
0.213523131672598
0.251533742331288
0.251533742331288
0.229166666666667
0.229166666666667
0.179710144927536
0.179710144927536
0.175287356321839
0.175287356321839
0.233983286908078
0.2
0.2
0.255597014925373
0.255597014925373
0.209302325581395
0.209302325581395
0.219178082191781
0.219178082191781
0.240875912408759
0.230769230769231
0.230769230769231
0.269736842105263
0.210526315789474
0.207407407407407
0.207407407407407
0.207407407407407
0.207407407407407
0.228426395939086
0.228426395939086
0.231738035264484
0.231738035264484
0.265536723163842
0.200477326968974
0.200477326968974
0.225738396624473
0.222916666666667
0.213592233009709
0.245059288537549
0.231617647058824
0.237037037037037
0.221311475409836
0.221311475409836
0.237623762376238
0.237623762376238
0.260536398467433
0.258555133079848
0.225
0.254416961130742
0.254416961130742
0.3375
0.212
0.212
0.211155378486056
0.211155378486056
0.193548387096774
0.193548387096774
0.192857142857143
0.192857142857143
0.211409395973154
0.211409395973154
0.21
0.21
0.236220472440945
0.236220472440945
0.217391304347826
0.216049382716049
0.180952380952381
0.234146341463415
0.201550387596899
0.201550387596899
0.208494208494208
0.208494208494208
0.206896551724138
0.208053691275168
0.208053691275168
0.243523316062176
0.256728778467909
0.256728778467909
0.258566978193146
0.21301775147929
0.21301775147929
0.23943661971831
0.225255972696246
0.225255972696246
0.221957040572792
0.221957040572792
0.212871287128713
0.212871287128713
0.225925925925926
0.225925925925926
0.190751445086705
0.190751445086705
0.206185567010309
0.206185567010309
0.231770833333333
0.231770833333333
0.249110320284698
0.249110320284698
0.229508196721311
0.20532319391635
0.20532319391635
0.195652173913043
0.195652173913043
0.194244604316547
0.194244604316547
0.243119266055046
0.242009132420091
0.195250659630607
0.195250659630607
0.195250659630607
0.195250659630607
0.207792207792208
0.207792207792208
0.2508038585209
0.248407643312102
0.226775956284153
0.226775956284153
0.224324324324324
0.224324324324324
0.214285714285714
0.217712177121771
0.217712177121771
0.220973782771536
0.220973782771536
0.300236406619385
0.300236406619385
0.224403927068724
0.224403927068724
0.225352112676056
0.225352112676056
0.235494880546075
0.235494880546075
0.237113402061856
0.237113402061856
0.28436018957346
0.216748768472906
0.216748768472906
0.242424242424242
0.181102362204724
0.1796875
0.189119170984456
0.189119170984456
0.266666666666667
0.215025906735751
0.215025906735751
0.242290748898678
0.242290748898678
0.23956043956044
0.23956043956044
0.254237288135593
0.254237288135593
0.20746887966805
0.20746887966805
0.228464419475655
0.228464419475655
0.18942731277533
0.18942731277533
0.260038240917782
0.260038240917782
0.236641221374046
0.236641221374046
0.257668711656442
0.184549356223176
0.184549356223176
0.202072538860104
0.202072538860104
0.202597402597403
0.202597402597403
0.216216216216216
0.207964601769911
