0.526315789473684
0.0386266094420601
0.0807453416149068
0.0705521472392638
0.532934131736527
0.208480565371025
0.208480565371025
0.0393120393120393
0.0971223021582734
0.19941348973607
0.19941348973607
0.0406698564593301
0.116788321167883
0.178451178451178
0.178451178451178
0.0512820512820513
0.041044776119403
0.197718631178707
0.197718631178707
0.198863636363636
0.198863636363636
0.0790123456790123
0.0790123456790123
0.054421768707483
0.0634920634920635
0.05
0.0977777777777778
0.215841584158416
0.215841584158416
0.0810810810810811
0.0515463917525773
0.0372093023255814
0.055793991416309
0.046875
0.206325301204819
0.206325301204819
0.120253164556962
0.120253164556962
0.0879120879120879
0.0879120879120879
0.0723404255319149
0.0585585585585586
0.0674846625766871
0.0505836575875486
0.172794117647059
0.172794117647059
0.0532544378698225
0.0647482014388489
0.0454545454545455
0.047244094488189
0.0493150684931507
0.0671378091872792
0.0869565217391304
0.1
0.0423728813559322
0.181318681318681
0.181318681318681
0.0530421216848674
0.18
0.18
0.079646017699115
0.0791788856304985
0.037463976945245
0.055045871559633
0.0467032967032967
0.0477987421383648
0.0477987421383648
0.415
0.415
0.21505376344086
