0.0570175438596491
0.102564102564103
0.102941176470588
0.0414507772020725
0.0529100529100529
0.102822580645161
0.0580357142857143
0.497512437810945
0.0734265734265734
0.0822222222222222
0.0565217391304348
0.0567685589519651
0.0403022670025189
0.0456852791878173
0.0429042904290429
0.0427631578947368
0.0625
0.0909090909090909
0.0685871056241427
0.05
0.0545454545454545
0.0663507109004739
0.0498442367601246
0.058252427184466
0.0574162679425837
0.0666666666666667
0.048
0.0623145400593472
0.0669014084507042
0.0487804878048781
0.0818181818181818
0.055793991416309
0.0553191489361702
0.0495356037151703
0.0696864111498258
0.0428571428571429
0.0833333333333333
0.0621761658031088
0.0606060606060606
0.0498220640569395
0.0706806282722513
0.0692771084337349
0.0350877192982456
0.0358744394618834
0.0772200772200772
0.0732758620689655
0.0657894736842105
0.0562180579216354
0.0572916666666667
0.0635838150289017
0.0459770114942529
0.0625
0.0603448275862069
0.0549450549450549
0.0709876543209877
0.0707692307692308
0.0795454545454545
0.0617977528089888
0.0521172638436482
0.0526315789473684
0.118421052631579
0.0869565217391304
0.0822622107969152
0.0432900432900433
0.0679611650485437
0.0759493670886076
0.0607638888888889
0.0611888111888112
0.051948051948052
0.0760869565217391
0.0748663101604278
0.0647249190938511
0.0841584158415842
0.1
0.0970873786407767
0.0746268656716418
0.0739957716701903
0.0578034682080925
0.0806451612903226
0.0878048780487805
0.0802469135802469
0.0662824207492795
0.0659025787965616
0.0626450116009281
0.0615384615384615
0.0615384615384615
0.0774907749077491
0.0724137931034483
0.0653753026634383
0.0653753026634383
0.0728476821192053
0.036144578313253
0.0621468926553672
0.0626151012891344
0.0764119601328904
0.0774410774410774
0.109375
0.09375
0.0920245398773006
0.0580912863070539
0.0590717299578059
0.0687022900763359
0.0573770491803279
0.0433333333333333
0.0434782608695652
0.069620253164557
0.0723270440251572
0.04
0.0758426966292135
0.0625
0.0614334470989761
0.0593471810089021
0.0584795321637427
0.0623501199040767
0.0645933014354067
0.0909090909090909
0.113821138211382
0.112903225806452
0.0363036303630363
0.0789473684210526
0.0838509316770186
0.0464285714285714
0.0552016985138004
0.0560747663551402
0.0559006211180124
0.0539956803455724
0.0388349514563107
0.0404040404040404
