0.0309734513274336
0.0638888888888889
0.0530503978779841
0.089974293059126
0.089974293059126
0.0945945945945946
0.0945945945945946
0.0952380952380952
0.0952380952380952
0.11046511627907
0.138157894736842
0.0307017543859649
0.125
0.0403800475059382
0.0516934046345811
0.0516934046345811
0.0503978779840849
0.0412371134020619
0.0892307692307692
0.0892307692307692
0.0301204819277108
0.0643086816720257
0.0616740088105727
0.0616740088105727
0.0641592920353982
0.0641592920353982
0.0695364238410596
0.12
0.12
0.0428571428571429
0.0350877192982456
0.036036036036036
0.0891089108910891
0.0891089108910891
0.0895522388059701
0.0895522388059701
0.0591259640102828
0.0443974630021142
0.0625
0.0895522388059701
0.0743944636678201
0.0743944636678201
0.0721649484536082
0.0721649484536082
0.0993589743589744
0.0993589743589744
0.0572139303482587
0.0572139303482587
0.0732323232323232
0.0732323232323232
0.0922190201729107
0.0922190201729107
0.0901408450704225
0.0901408450704225
0.0625
0.0570469798657718
0.0905660377358491
0.0905660377358491
0.0857142857142857
0.0625
0.0639810426540284
0.116883116883117
0.116883116883117
0.130890052356021
0.130890052356021
0.0523415977961433
0.0327868852459016
0.165605095541401
0.165605095541401
0.0305980528511822
0.0535714285714286
0.0558375634517767
0.0522875816993464
0.0805369127516778
0.0805369127516778
0.09
0.09
0.108247422680412
0.104166666666667
0.0330578512396694
0.08
0.0810810810810811
0.0454545454545455
0.0416666666666667
0.0691823899371069
0.0318257956448911
0.0887372013651877
0.0887372013651877
0.0439276485788114
0.0944206008583691
0.094017094017094
0.0564334085778781
