0.0810810810810811
0.0835214446952596
0.0833333333333333
0.0458715596330275
0.0534351145038168
0.05
0.0405405405405405
0.0551724137931034
0.114906832298137
0.113846153846154
0.0857142857142857
0.0662393162393162
0.0549450549450549
0.0595238095238095
0.0637254901960784
0.0491803278688525
0.0783783783783784
0.116197183098592
0.0459016393442623
0.0447019867549669
0.0541666666666667
0.111888111888112
0.0957746478873239
0.0926966292134832
0.045045045045045
0.0861244019138756
0.0669546436285097
0.0484848484848485
0.0752427184466019
0.0669642857142857
0.0705882352941176
0.119480519480519
0.0394736842105263
0.0546623794212219
0.0503355704697987
0.0712468193384224
0.0728862973760933
0.0742574257425743
0.0977272727272727
0.0966183574879227
0.0579268292682927
0.0733333333333333
0.105932203389831
0.0658682634730539
0.0662650602409639
0.0601851851851852
0.0337837837837838
0.0654205607476635
0.0652173913043478
0.116541353383459
0.0595238095238095
0.0645161290322581
0.0726817042606516
0.154696132596685
0.144444444444444
0.0692640692640693
0.0698689956331878
0.0711111111111111
0.0743243243243243
0.0891566265060241
0.116089613034623
0.0716612377850163
0.099290780141844
0.099644128113879
0.0654761904761905
0.0714285714285714
0.0851063829787234
0.0465116279069767
0.081419624217119
0.079646017699115
