0.273408239700375
0.257028112449799
0.257028112449799
0.197309417040359
0.0672853828306264
0.256756756756757
0.256756756756757
0.256756756756757
0.256756756756757
0.254807692307692
0.264227642276423
0.0643985419198056
0.0643985419198056
0.0767494356659142
0.0765472312703583
0.0765472312703583
0.286532951289398
0.286532951289398
0.0575539568345324
0.260869565217391
0.553398058252427
0.0568561872909699
0.0568561872909699
0.0686619718309859
0.0686619718309859
0.0586145648312611
0.0586145648312611
0.295019157088123
0.0804020100502513
0.221709006928406
0.219399538106236
0.237037037037037
0.232558139534884
0.262180974477958
0.0834990059642147
0.0834990059642147
0.265905383360522
0.265905383360522
0.0836909871244635
0.0836909871244635
0.266187050359712
0.245454545454545
0.245454545454545
0.0809716599190283
0.473684210526316
0.0778267254038179
0.0778267254038179
0.0710900473933649
0.0710900473933649
0.244372990353698
0.244372990353698
0.220447284345048
0.220447284345048
0.251063829787234
0.251063829787234
0.253763440860215
0.253763440860215
0.201365187713311
0.216432865731463
0.216432865731463
0.216161616161616
0.216161616161616
0.0672268907563025
0.0672268907563025
0.0984126984126984
0.0984126984126984
0.089041095890411
0.089041095890411
0.25
0.270618556701031
0.25
0.217391304347826
0.0558739255014327
0.0558739255014327
0.233250620347395
0.233250620347395
0.2375
0.2375
0.0675675675675676
0.0715421303656598
0.0715421303656598
0.0603715170278638
0.0603715170278638
0.0592705167173252
0.0592705167173252
0.292841648590022
0.292841648590022
0.0694789081885856
0.25764192139738
0.258771929824561
0.27681660899654
0.273972602739726
0.228412256267409
0.259459459459459
0.074398249452954
0.0706371191135734
0.0706371191135734
0.0664556962025316
0.0664556962025316
0.279187817258883
0.146245059288538
0.146245059288538
0.0653061224489796
0.250666666666667
0.0707831325301205
0.0707831325301205
0.466165413533835
0.52060737527115
0.492537313432836
0.419597989949749
0.478021978021978
0.277904328018223
0.490066225165563
