0.143459915611814
0.14468085106383
0.0802469135802469
0.0857142857142857
0.0384615384615385
0.0836236933797909
0.032520325203252
0.0588235294117647
0.037037037037037
0.31042654028436
0.0503597122302158
0.0395256916996047
0.04
0.0670926517571885
0.23696682464455
0.23696682464455
0.0434782608695652
0.0422535211267606
0.321329639889197
0.318559556786704
0.301810865191147
0.301810865191147
0.0945945945945946
0.341880341880342
0.0429447852760736
0.062111801242236
0.0617283950617284
0.041025641025641
0.0404040404040404
0.133484162895928
0.14622641509434
0.119850187265918
0.0327102803738318
0.0307328605200946
0.05
0.0336700336700337
0.297297297297297
0.0618556701030928
0.0463215258855586
0.0403587443946188
0.0552486187845304
0.0530973451327434
0.0456273764258555
0.0909090909090909
0.112676056338028
0.0400890868596882
0.0366748166259169
0.0575692963752665
0.0521739130434783
0.0517241379310345
0.0466101694915254
0.047008547008547
0.124183006535948
0.125
0.0374149659863946
0.0505050505050505
0.164670658682635
0.0558659217877095
0.244755244755245
0.0434782608695652
0.0431034482758621
0.0456852791878173
0.275109170305677
0.160194174757282
0.0422535211267606
0.308539944903581
0.0476190476190476
0.106995884773663
0.106995884773663
0.0495867768595041
0.05
0.117977528089888
0.112994350282486
0.117021276595745
0.101694915254237
0.0405405405405405
0.149068322981366
0.148148148148148
0.127272727272727
0.125984251968504
0.0398230088495575
0.259541984732824
0.257575757575758
0.0364583333333333
0.0309278350515464
0.0436893203883495
0.176079734219269
0.0434782608695652
0.098159509202454
0.133550488599349
0.320809248554913
0.317142857142857
0.0585585585585586
0.0394088669950739
0.148936170212766
0.0443548387096774
0.0368663594470046
0.171428571428571
0.046831955922865
0.153846153846154
0.154639175257732
0.264900662251656
0.136546184738956
0.0486111111111111
0.0482758620689655
0.125874125874126
0.13953488372093
0.119298245614035
0.138297872340426
0.0563380281690141
0.0419161676646707
0.116625310173697
0.104089219330855
0.0559610705596107
0.0412371134020619
0.12448132780083
0.307086614173228
0.305882352941176
0.0363636363636364
0.0418848167539267
0.0409090909090909
0.277611940298507
0.109263657957245
0.106635071090047
0.0428571428571429
0.139442231075697
0.139442231075697
0.0480769230769231
0.0447761194029851
0.0360824742268041
0.317460317460317
0.320634920634921
0.0498533724340176
0.0336700336700337
0.229965156794425
0.229166666666667
0.0311284046692607
0.131147540983607
0.120218579234973
0.152542372881356
0.159090909090909
0.0936329588014981
0.0858085808580858
0.032258064516129
0.145631067961165
0.032
0.0475113122171946
0.0474040632054176
0.0394736842105263
0.109090909090909
0.329411764705882
0.0373831775700935
0.136929460580913
0.100478468899522
0.0952380952380952
0.0330578512396694
0.0467836257309941
