0.231143552311436
0.221343873517787
0.224899598393574
0.289017341040462
0.203592814371257
0.234597156398104
0.236276849642005
0.273809523809524
0.255737704918033
0.0362116991643454
0.210280373831776
0.223300970873786
0.279569892473118
0.223564954682779
0.234309623430962
0.0508474576271186
0.310160427807487
0.303664921465969
0.203448275862069
0.225225225225225
0.223214285714286
0.278350515463918
0.283524904214559
0.169329073482428
0.17515923566879
0.176848874598071
0.227436823104693
0.246719160104987
0.245382585751979
0.215909090909091
0.217142857142857
0.265573770491803
0.219895287958115
0.221052631578947
0.26063829787234
0.259259259259259
0.261904761904762
0.235632183908046
0.234741784037559
0.222222222222222
0.268370607028754
0.28804347826087
0.285714285714286
0.218875502008032
0.256972111553785
0.228682170542636
0.252525252525253
0.244186046511628
0.228426395939086
0.254071661237785
0.229083665338645
0.264615384615385
0.238372093023256
0.234285714285714
0.186915887850467
0.248704663212435
0.223719676549865
0.224657534246575
0.256965944272446
0.258566978193146
0.209401709401709
0.311320754716981
0.269090909090909
0.241071428571429
0.232974910394265
0.199261992619926
0.197080291970803
0.266019417475728
0.268101761252446
0.192307692307692
0.214689265536723
0.218390804597701
0.206008583690987
0.199300699300699
0.281767955801105
0.228155339805825
0.157894736842105
0.232786885245902
0.201570680628272
0.225672877846791
0.26625386996904
0.209813874788494
0.202702702702703
0.202185792349727
0.233870967741935
0.202272727272727
0.1875
0.211640211640212
0.28
0.244604316546763
0.242857142857143
0.27681660899654
0.26530612244898
0.204225352112676
0.248081841432225
0.250639386189258
0.22992700729927
0.215827338129496
0.244766505636071
0.229681978798587
0.183673469387755
0.181360201511335
0.210970464135021
0.206650831353919
0.207142857142857
0.201834862385321
0.208074534161491
0.252941176470588
0.244791666666667
0.248201438848921
0.224561403508772
0.272727272727273
0.277027027027027
0.232
0.270833333333333
0.266393442622951
0.232628398791541
0.221003134796238
0.222047244094488
0.18942731277533
0.301369863013699
0.230366492146597
0.24
0.251428571428571
0.539823008849557
0.509433962264151
0.491525423728814
0.43609022556391
