0.156862745098039
0.120481927710843
0.133858267716535
0.173184357541899
0.125
0.155893536121673
0.176991150442478
0.184210526315789
0.18848167539267
0.187096774193548
0.151219512195122
0.209424083769634
0.155555555555556
0.108571428571429
0.108571428571429
0.158682634730539
0.178571428571429
0.103092783505155
0.142011834319527
0.151724137931034
0.149717514124294
0.136170212765957
0.140077821011673
0.165217391304348
0.128813559322034
0.170068027210884
0.162011173184358
0.162011173184358
0.138211382113821
0.124324324324324
0.173913043478261
0.153374233128834
0.151219512195122
0.14975845410628
0.149122807017544
0.122282608695652
0.117834394904459
0.120634920634921
0.134146341463415
0.135802469135802
0.169354838709677
0.130597014925373
0.128676470588235
0.111111111111111
0.116402116402116
0.152777777777778
0.154385964912281
0.130268199233716
0.124031007751938
0.104166666666667
0.103092783505155
0.114942528735632
0.118773946360153
0.160550458715596
0.162393162393162
0.161016949152542
0.208053691275168
0.0994475138121547
0.0994475138121547
0.142857142857143
0.152173913043478
0.152173913043478
0.115384615384615
0.165094339622642
0.137254901960784
0.153846153846154
0.155038759689922
0.131086142322097
0.132075471698113
0.166666666666667
0.134285714285714
0.153846153846154
0.156521739130435
0.146153846153846
0.171102661596958
0.169230769230769
0.115015974440895
0.158823529411765
0.11969111969112
0.130434782608696
0.143979057591623
0.145833333333333
0.150735294117647
0.151515151515152
0.130325814536341
0.129353233830846
0.15979381443299
0.11491935483871
0.154545454545455
0.114537444933921
0.116591928251121
0.105084745762712
0.120192307692308
0.147959183673469
0.118556701030928
0.118556701030928
0.141975308641975
0.177358490566038
0.152671755725191
0.129213483146067
0.132404181184669
0.132404181184669
0.103585657370518
0.0988142292490119
0.137254901960784
0.139303482587065
0.123893805309735
0.158536585365854
0.162162162162162
0.168591224018476
0.124401913875598
0.146496815286624
0.127118644067797
0.101604278074866
0.153518123667377
0.13716814159292
0.126637554585153
0.126637554585153
0.104417670682731
0.103585657370518
0.136125654450262
0.168141592920354
0.116022099447514
0.12
0.118421052631579
0.10958904109589
0.108695652173913
0.159468438538206
0.163461538461538
0.0705521472392638
0.141333333333333
0.176190476190476
0.139423076923077
0.172727272727273
0.164705882352941
0.139072847682119
0.132420091324201
0.12037037037037
0.135135135135135
0.135135135135135
0.139423076923077
0.121621621621622
0.142259414225941
0.148648648648649
0.152838427947598
0.155555555555556
0.14375
0.143459915611814
0.177304964539007
0.178571428571429
0.112328767123288
0.133105802047782
0.128378378378378
0.114130434782609
0.108108108108108
0.129518072289157
0.125984251968504
0.158730158730159
0.169014084507042
0.131578947368421
0.148014440433213
0.171717171717172
0.132307692307692
0.12962962962963
0.110091743119266
0.111111111111111
0.133333333333333
0.114754098360656
0.114754098360656
0.112903225806452
0.152777777777778
0.131868131868132
0.135802469135802
0.135964912280702
0.16
0.155660377358491
0.149779735682819
0.122222222222222
0.0990990990990991
0.1
0.175
0.107981220657277
0.109004739336493
0.121661721068249
0.0988372093023256
0.18125
0.111650485436893
0.11219512195122
0.132450331125828
0.125748502994012
0.137254901960784
0.119815668202765
0.155080213903743
0.156756756756757
0.0993150684931507
0.1
0.162790697674419
0.148148148148148
0.169590643274854
0.160919540229885
0.098314606741573
0.139622641509434
0.112554112554113
0.163179916317992
0.157360406091371
0.110599078341014
0.111111111111111
0.104712041884817
0.144736842105263
0.137566137566138
0.133501259445844
0.134177215189873
0.12751677852349
0.127946127946128
0.15531914893617
0.111675126903553
0.115577889447236
0.114754098360656
0.114130434782609
0.182978723404255
0.136170212765957
0.139130434782609
0.171597633136095
0.168674698795181
0.132075471698113
0.132701421800948
0.146341463414634
0.118577075098814
0.115537848605578
0.169172932330827
0.198380566801619
0.144876325088339
0.106976744186047
0.19327731092437
0.201680672268908
0.15450643776824
0.157205240174672
0.168604651162791
0.156
0.130434782608696
0.140449438202247
0.0938967136150235
0.148148148148148
0.101851851851852
0.0996884735202492
0.117794486215539
0.116625310173697
0.147186147186147
0.12639405204461
0.12781954887218
0.163461538461538
0.134564643799472
0.133858267716535
0.134199134199134
0.134199134199134
0.133333333333333
0.160714285714286
0.190871369294606
0.128318584070796
0.141025641025641
0.142857142857143
0.151202749140893
0.132352941176471
0.132841328413284
0.136094674556213
0.13
0.172727272727273
0.115702479338843
0.0820512820512821
0.138364779874214
0.134969325153374
0.142307692307692
0.1417004048583
0.170588235294118
0.138686131386861
0.14030612244898
0.129770992366412
0.132850241545894
0.131578947368421
0.156716417910448
0.122222222222222
0.139751552795031
0.153558052434457
0.118598382749326
0.118279569892473
0.123893805309735
0.134751773049645
0.125
0.127962085308057
0.127962085308057
0.143344709897611
0.2
0.12202380952381
0.120481927710843
0.124223602484472
0.125
0.0978723404255319
0.147058823529412
0.117977528089888
0.14027149321267
0.139240506329114
0.127450980392157
0.127450980392157
0.102189781021898
0.1
0.12
0.11214953271028
0.128019323671498
0.107407407407407
0.118483412322275
0.115740740740741
0.16
0.136363636363636
0.167630057803468
0.21551724137931
0.210084033613445
0.11787072243346
0.122065727699531
0.118811881188119
0.124260355029586
0.131474103585657
0.132
0.122065727699531
0.102756892230576
0.157190635451505
0.130434782608696
0.12719298245614
0.131313131313131
0.12807881773399
0.131147540983607
0.13903743315508
0.0990566037735849
0.100478468899522
0.139593908629442
0.152838427947598
0.148471615720524
0.127659574468085
0.125
0.143730886850153
0.168539325842697
0.177272727272727
0.13022113022113
0.132
0.210526315789474
0.118918918918919
0.146341463414634
0.145454545454545
0.116740088105727
0.113289760348584
0.167664670658683
0.0441176470588235
0.143497757847534
0.146853146853147
0.144827586206897
0.180995475113122
0.130952380952381
0.148648648648649
0.146666666666667
0.180790960451977
0.146825396825397
0.121428571428571
0.104761904761905
0.106796116504854
0.153508771929825
0.191666666666667
0.141176470588235
0.143518518518519
0.142259414225941
0.123595505617978
0.1953125
0.104166666666667
0.151515151515152
0.148717948717949
0.147959183673469
0.111111111111111
0.119469026548673
0.151315789473684
0.112
0.111111111111111
0.131578947368421
0.124087591240876
0.0721393034825871
0.104026845637584
0.103678929765886
0.16304347826087
0.161987041036717
0.136170212765957
0.160583941605839
0.119298245614035
0.118055555555556
0.127572016460905
0.127049180327869
0.150793650793651
0.133047210300429
0.114982578397213
0.130193905817175
0.176056338028169
0.125319693094629
0.166666666666667
0.112637362637363
0.110192837465565
0.135446685878963
