0.193939393939394
0.155844155844156
0.16
0.152046783625731
0.178181818181818
0.180094786729858
0.179611650485437
0.193181818181818
0.0454545454545455
0.163461538461538
0.160377358490566
0.217252396166134
0.0317460317460317
0.15625
0.0759075907590759
0.0448717948717949
0.161172161172161
0.0849056603773585
0.210526315789474
0.0459770114942529
0.0942028985507246
0.0483870967741935
0.0792682926829268
0.0645161290322581
0.0810810810810811
0.0810810810810811
0.183673469387755
0.23489932885906
0.184782608695652
0.204545454545455
0.0490196078431373
0.166666666666667
0.27906976744186
0.150943396226415
0.0996563573883162
0.0996563573883162
0.168478260869565
0.157509157509158
0.0848708487084871
0.0321100917431193
