0.115384615384615
0.0871369294605809
0.110526315789474
0.11353711790393
0.118367346938776
0.0771276595744681
0.0771276595744681
0.0806451612903226
0.093167701863354
0.0775193798449612
0.079136690647482
0.102857142857143
0.10054844606947
0.10054844606947
0.120593692022263
0.120593692022263
0.114147909967846
0.114147909967846
0.0868421052631579
0.0868421052631579
0.0728643216080402
0.0853658536585366
0.0795228628230616
0.0795228628230616
0.103641456582633
0.103641456582633
0.0899653979238754
0.109195402298851
0.109195402298851
0.117886178861789
0.0304347826086957
0.0626506024096386
