0.0442477876106195
0.0442477876106195
0.0632530120481928
0.0865051903114187
0.0397727272727273
0.0583333333333333
0.0920245398773006
0.0920245398773006
0.0909090909090909
0.0909090909090909
0.0840909090909091
0.0840909090909091
0.0854503464203233
0.0854503464203233
0.0432432432432432
0.032967032967033
0.0653753026634383
0.0772128060263653
0.0772128060263653
0.0902777777777778
0.0902777777777778
0.0952380952380952
0.0952380952380952
0.0989010989010989
0.0989010989010989
0.0396039603960396
0.111111111111111
0.0570264765784114
0.0355029585798817
0.0921052631578947
0.0692640692640693
0.0692640692640693
0.0705289672544081
0.0705289672544081
0.0869565217391304
0.0897959183673469
0.0897959183673469
0.0367647058823529
0.0975609756097561
0.0975609756097561
0.065
0.0944700460829493
0.0944700460829493
0.0321543408360129
0.0321543408360129
0.094147582697201
0.094147582697201
0.0566037735849057
0.105263157894737
0.105263157894737
0.112128146453089
0.112128146453089
0.107744107744108
0.107744107744108
0.0625
0.0957446808510638
0.0957446808510638
0.063953488372093
0.0388349514563107
0.079155672823219
0.0532212885154062
0.08
0.0418848167539267
0.0526315789473684
0.0531914893617021
0.0909090909090909
0.0792838874680307
0.0792838874680307
0.0790816326530612
0.0790816326530612
0.099644128113879
0.099644128113879
0.0468986384266263
0.038961038961039
0.0745697896749522
0.0745697896749522
0.0540540540540541
0.0467289719626168
0.0464396284829721
0.0817610062893082
0.0817610062893082
0.0838509316770186
0.0838509316770186
0.0669077757685353
0.0669077757685353
0.0936555891238671
0.0805555555555556
0.0805555555555556
0.0666666666666667
0.105084745762712
0.105084745762712
0.107266435986159
0.107266435986159
0.0839285714285714
0.0839285714285714
0.0712788259958071
0.0712788259958071
0.0815450643776824
0.0815450643776824
0.0798722044728434
0.0835734870317003
0.0835734870317003
0.0546875
0.100806451612903
0.076271186440678
0.076271186440678
0.0895833333333333
0.0895833333333333
0.0775510204081633
0.0775510204081633
0.0764331210191083
0.0950570342205323
0.0936329588014981
0.0822784810126582
0.0822784810126582
0.0690423162583519
0.0970873786407767
0.0797720797720798
0.0819672131147541
0.0819672131147541
0.0378006872852234
0.0372881355932203
0.0934579439252336
0.0934579439252336
0.082089552238806
0.0465116279069767
0.0595238095238095
0.0347222222222222
0.0936902485659656
0.0936902485659656
0.0352112676056338
0.0922619047619048
0.0922619047619048
0.0770975056689342
0.0770975056689342
0.0921501706484642
0.074468085106383
0.074468085106383
0.055363321799308
0.0839002267573696
0.0839002267573696
0.0909090909090909
0.0909090909090909
0.0585774058577406
0.0588235294117647
0.0650224215246637
0.0650224215246637
0.0688073394495413
0.0688073394495413
0.0537634408602151
0.0529100529100529
0.0408163265306122
0.124401913875598
0.11219512195122
0.112745098039216
0.0639810426540284
0.0466666666666667
0.0730593607305936
0.0730593607305936
0.0730593607305936
0.0730593607305936
0.0753138075313808
0.0468085106382979
0.0480769230769231
0.101781170483461
0.101781170483461
0.12037037037037
0.12037037037037
0.102880658436214
0.031055900621118
0.0314465408805031
0.0721003134796238
0.0968858131487889
0.135593220338983
0.0899122807017544
0.0899122807017544
0.0693069306930693
0.10077519379845
0.10077519379845
0.05
0.0681818181818182
0.075
0.075
0.088135593220339
0.088135593220339
0.0975609756097561
0.0975609756097561
0.100840336134454
0.100840336134454
0.0789473684210526
0.0789473684210526
0.0688775510204082
0.0690537084398977
0.0668257756563246
0.0668257756563246
0.0736040609137056
0.0736040609137056
0.0998043052837573
0.0998043052837573
0.0630630630630631
0.0630630630630631
0.0641025641025641
0.0641025641025641
0.0905432595573441
0.0905432595573441
0.0474683544303797
0.0377358490566038
0.0797266514806378
0.0797266514806378
0.0795180722891566
0.0795180722891566
0.0597826086956522
0.0523076923076923
0.0601092896174863
0.0899653979238754
0.0899653979238754
0.0458015267175573
0.0411392405063291
0.0438871473354232
0.0860215053763441
0.0860215053763441
0.113879003558719
0.113879003558719
0.0581395348837209
0.0757575757575758
0.078125
0.0394088669950739
0.0333333333333333
0.032967032967033
0.102893890675241
0.102893890675241
0.0452261306532663
0.0777027027027027
0.0833333333333333
0.0833333333333333
0.0377358490566038
0.0852390852390852
0.0852390852390852
0.0567010309278351
0.109375
0.109375
0.037037037037037
0.0603621730382294
0.0603621730382294
0.0388888888888889
0.0388888888888889
0.0849056603773585
0.0849056603773585
0.0804597701149425
0.118343195266272
0.118343195266272
0.065
0.0838926174496644
0.106280193236715
0.105769230769231
0.0372670807453416
0.0863309352517986
0.0863309352517986
0.0867469879518072
0.0867469879518072
0.0676691729323308
0.114695340501792
0.114695340501792
0.0730769230769231
0.0730769230769231
0.0603448275862069
0.110726643598616
0.110726643598616
0.050561797752809
0.0521042084168337
0.0364583333333333
0.0360824742268041
0.0510204081632653
0.0444444444444444
0.0570652173913043
0.0563002680965147
0.0869565217391304
0.0869565217391304
0.0547445255474453
0.0547445255474453
0.0555555555555556
0.105032822757112
0.105032822757112
0.0819672131147541
0.0819672131147541
0.0825082508250825
0.0892857142857143
0.0892857142857143
0.0735294117647059
0.0726256983240224
0.0490196078431373
0.0522875816993464
0.102222222222222
0.0479452054794521
0.0476190476190476
0.0882352941176471
0.0882352941176471
0.0887573964497041
0.0887573964497041
0.0824561403508772
0.0824561403508772
0.0930735930735931
0.0750507099391481
0.0750507099391481
0.0632911392405063
0.0355029585798817
0.0335195530726257
0.0331491712707182
0.0982142857142857
0.0342679127725857
0.12109375
0.12109375
